structure(c(21705L, 22342L, 21237L, 22252L, 194L, 39L, 304L, 
71L, 201L, 51L, 279L, 64L, 400L, 68L, 680L, 113L), .Dim = c(2L, 
2L, 4L), .Dimnames = structure(list(Pop = c("High", "Low"), Vaccinated = c("Vacc", 
"nonVacc"), Std.vs.DIVA = c("--", "+-", "-+", "++")), .Names = c("Pop", 
"Vaccinated", "Std.vs.DIVA")))
