structure(c(21737L, 22371L, 21249L, 22262L, 192L, 37L, 304L, 
58L, 170L, 27L, 303L, 52L, 401L, 65L, 644L, 128L), .Dim = c(2L, 
2L, 4L), .Dimnames = structure(list(Pop = c("High", "Low"), Vaccinated = c("Vacc", 
"nonVacc"), Std.vs.DIVA = c("--", "+-", "-+", "++")), .Names = c("Pop", 
"Vaccinated", "Std.vs.DIVA")))
