structure(c(19328L, 19868L, 18877L, 19779L, 164L, 30L, 273L, 
44L, 144L, 44L, 283L, 49L, 364L, 58L, 567L, 128L), .Dim = c(2L, 
2L, 4L), .Dimnames = structure(list(Pop = c("High", "Low"), Vaccinated = c("Vacc", 
"nonVacc"), Std.vs.DIVA = c("--", "+-", "-+", "++")), .Names = c("Pop", 
"Vaccinated", "Std.vs.DIVA")))
