structure(c(19285L, 19858L, 18845L, 19784L, 193L, 50L, 297L, 
52L, 173L, 39L, 282L, 60L, 349L, 53L, 576L, 104L), .Dim = c(2L, 
2L, 4L), .Dimnames = structure(list(Pop = c("High", "Low"), Vaccinated = c("Vacc", 
"nonVacc"), Std.vs.DIVA = c("--", "+-", "-+", "++")), .Names = c("Pop", 
"Vaccinated", "Std.vs.DIVA")))
