structure(c(19310L, 19871L, 18928L, 19774L, 154L, 36L, 272L, 
61L, 156L, 39L, 255L, 59L, 380L, 54L, 545L, 106L), .Dim = c(2L, 
2L, 4L), .Dimnames = structure(list(Pop = c("High", "Low"), Vaccinated = c("Vacc", 
"nonVacc"), Std.vs.DIVA = c("--", "+-", "-+", "++")), .Names = c("Pop", 
"Vaccinated", "Std.vs.DIVA")))
