structure(c(24136L, 24816L, 23616L, 24711L, 193L, 54L, 339L, 
82L, 218L, 51L, 325L, 75L, 453L, 79L, 720L, 132L), .Dim = c(2L, 
2L, 4L), .Dimnames = structure(list(Pop = c("High", "Low"), Vaccinated = c("Vacc", 
"nonVacc"), Std.vs.DIVA = c("--", "+-", "-+", "++")), .Names = c("Pop", 
"Vaccinated", "Std.vs.DIVA")))
