structure(c(19322L, 19872L, 18915L, 19792L, 169L, 32L, 275L, 
52L, 150L, 37L, 252L, 54L, 359L, 59L, 558L, 102L), .Dim = c(2L, 
2L, 4L), .Dimnames = structure(list(Pop = c("High", "Low"), Vaccinated = c("Vacc", 
"nonVacc"), Std.vs.DIVA = c("--", "+-", "-+", "++")), .Names = c("Pop", 
"Vaccinated", "Std.vs.DIVA")))
