structure(c(19312L, 19864L, 18850L, 19770L, 160L, 41L, 263L, 
65L, 186L, 37L, 263L, 64L, 342L, 58L, 624L, 101L), .Dim = c(2L, 
2L, 4L), .Dimnames = structure(list(Pop = c("High", "Low"), Vaccinated = c("Vacc", 
"nonVacc"), Std.vs.DIVA = c("--", "+-", "-+", "++")), .Names = c("Pop", 
"Vaccinated", "Std.vs.DIVA")))
