structure(c(19313L, 19867L, 18873L, 19781L, 159L, 39L, 255L, 
58L, 185L, 37L, 229L, 54L, 343L, 57L, 643L, 107L), .Dim = c(2L, 
2L, 4L), .Dimnames = structure(list(Pop = c("High", "Low"), Vaccinated = c("Vacc", 
"nonVacc"), Std.vs.DIVA = c("--", "+-", "-+", "++")), .Names = c("Pop", 
"Vaccinated", "Std.vs.DIVA")))
