structure(c(21752L, 22372L, 21313L, 22268L, 180L, 28L, 277L, 
64L, 190L, 32L, 260L, 49L, 378L, 68L, 650L, 119L), .Dim = c(2L, 
2L, 4L), .Dimnames = structure(list(Pop = c("High", "Low"), Vaccinated = c("Vacc", 
"nonVacc"), Std.vs.DIVA = c("--", "+-", "-+", "++")), .Names = c("Pop", 
"Vaccinated", "Std.vs.DIVA")))
