structure(c(24112L, 24838L, 23614L, 24717L, 228L, 41L, 331L, 
86L, 208L, 51L, 329L, 54L, 452L, 70L, 726L, 143L), .Dim = c(2L, 
2L, 4L), .Dimnames = structure(list(Pop = c("High", "Low"), Vaccinated = c("Vacc", 
"nonVacc"), Std.vs.DIVA = c("--", "+-", "-+", "++")), .Names = c("Pop", 
"Vaccinated", "Std.vs.DIVA")))
