structure(c(21700L, 22337L, 21248L, 22257L, 189L, 49L, 284L, 
65L, 181L, 42L, 289L, 65L, 430L, 72L, 679L, 113L), .Dim = c(2L, 
2L, 4L), .Dimnames = structure(list(Pop = c("High", "Low"), Vaccinated = c("Vacc", 
"nonVacc"), Std.vs.DIVA = c("--", "+-", "-+", "++")), .Names = c("Pop", 
"Vaccinated", "Std.vs.DIVA")))
