structure(c(24166L, 24829L, 23617L, 24747L, 199L, 48L, 306L, 
72L, 195L, 50L, 326L, 73L, 440L, 73L, 751L, 108L), .Dim = c(2L, 
2L, 4L), .Dimnames = structure(list(Pop = c("High", "Low"), Vaccinated = c("Vacc", 
"nonVacc"), Std.vs.DIVA = c("--", "+-", "-+", "++")), .Names = c("Pop", 
"Vaccinated", "Std.vs.DIVA")))
