structure(c(24118L, 24836L, 23658L, 24743L, 214L, 59L, 293L, 
60L, 218L, 50L, 310L, 71L, 450L, 55L, 739L, 126L), .Dim = c(2L, 
2L, 4L), .Dimnames = structure(list(Pop = c("High", "Low"), Vaccinated = c("Vacc", 
"nonVacc"), Std.vs.DIVA = c("--", "+-", "-+", "++")), .Names = c("Pop", 
"Vaccinated", "Std.vs.DIVA")))
