structure(c(19296L, 19865L, 18857L, 19784L, 186L, 45L, 297L, 
48L, 161L, 40L, 277L, 55L, 357L, 50L, 569L, 113L), .Dim = c(2L, 
2L, 4L), .Dimnames = structure(list(Pop = c("High", "Low"), Vaccinated = c("Vacc", 
"nonVacc"), Std.vs.DIVA = c("--", "+-", "-+", "++")), .Names = c("Pop", 
"Vaccinated", "Std.vs.DIVA")))
