structure(c(16937L, 17378L, 16512L, 17311L, 134L, 32L, 229L, 
41L, 142L, 35L, 235L, 44L, 287L, 55L, 524L, 104L), .Dim = c(2L, 
2L, 4L), .Dimnames = structure(list(Pop = c("High", "Low"), Vaccinated = c("Vacc", 
"nonVacc"), Std.vs.DIVA = c("--", "+-", "-+", "++")), .Names = c("Pop", 
"Vaccinated", "Std.vs.DIVA")))
