structure(c(24134L, 24831L, 23596L, 24719L, 222L, 39L, 337L, 
80L, 190L, 49L, 330L, 73L, 454L, 81L, 737L, 128L), .Dim = c(2L, 
2L, 4L), .Dimnames = structure(list(Pop = c("High", "Low"), Vaccinated = c("Vacc", 
"nonVacc"), Std.vs.DIVA = c("--", "+-", "-+", "++")), .Names = c("Pop", 
"Vaccinated", "Std.vs.DIVA")))
