structure(c(21715L, 22320L, 21288L, 22258L, 182L, 46L, 286L, 
54L, 180L, 46L, 294L, 72L, 423L, 88L, 632L, 116L), .Dim = c(2L, 
2L, 4L), .Dimnames = structure(list(Pop = c("High", "Low"), Vaccinated = c("Vacc", 
"nonVacc"), Std.vs.DIVA = c("--", "+-", "-+", "++")), .Names = c("Pop", 
"Vaccinated", "Std.vs.DIVA")))
