structure(c(21740L, 22345L, 21295L, 22254L, 169L, 36L, 279L, 
59L, 186L, 47L, 289L, 64L, 405L, 72L, 637L, 123L), .Dim = c(2L, 
2L, 4L), .Dimnames = structure(list(Pop = c("High", "Low"), Vaccinated = c("Vacc", 
"nonVacc"), Std.vs.DIVA = c("--", "+-", "-+", "++")), .Names = c("Pop", 
"Vaccinated", "Std.vs.DIVA")))
