structure(c(19320L, 19875L, 18890L, 19808L, 158L, 28L, 257L, 
45L, 175L, 34L, 247L, 46L, 347L, 63L, 606L, 101L), .Dim = c(2L, 
2L, 4L), .Dimnames = structure(list(Pop = c("High", "Low"), Vaccinated = c("Vacc", 
"nonVacc"), Std.vs.DIVA = c("--", "+-", "-+", "++")), .Names = c("Pop", 
"Vaccinated", "Std.vs.DIVA")))
