structure(c(21767L, 22347L, 21279L, 22271L, 158L, 43L, 302L, 
63L, 165L, 38L, 280L, 57L, 410L, 72L, 639L, 109L), .Dim = c(2L, 
2L, 4L), .Dimnames = structure(list(Pop = c("High", "Low"), Vaccinated = c("Vacc", 
"nonVacc"), Std.vs.DIVA = c("--", "+-", "-+", "++")), .Names = c("Pop", 
"Vaccinated", "Std.vs.DIVA")))
