structure(c(19315L, 19849L, 18857L, 19759L, 169L, 40L, 281L, 
58L, 152L, 53L, 295L, 55L, 364L, 58L, 567L, 128L), .Dim = c(2L, 
2L, 4L), .Dimnames = structure(list(Pop = c("High", "Low"), Vaccinated = c("Vacc", 
"nonVacc"), Std.vs.DIVA = c("--", "+-", "-+", "++")), .Names = c("Pop", 
"Vaccinated", "Std.vs.DIVA")))
