structure(c(24131L, 24842L, 23586L, 24732L, 192L, 41L, 341L, 
65L, 212L, 48L, 299L, 78L, 465L, 69L, 774L, 125L), .Dim = c(2L, 
2L, 4L), .Dimnames = structure(list(Pop = c("High", "Low"), Vaccinated = c("Vacc", 
"nonVacc"), Std.vs.DIVA = c("--", "+-", "-+", "++")), .Names = c("Pop", 
"Vaccinated", "Std.vs.DIVA")))
