structure(c(21765L, 22353L, 21281L, 22275L, 156L, 41L, 300L, 
60L, 170L, 40L, 275L, 59L, 409L, 66L, 644L, 106L), .Dim = c(2L, 
2L, 4L), .Dimnames = structure(list(Pop = c("High", "Low"), Vaccinated = c("Vacc", 
"nonVacc"), Std.vs.DIVA = c("--", "+-", "-+", "++")), .Names = c("Pop", 
"Vaccinated", "Std.vs.DIVA")))
