structure(c(19340L, 19868L, 18845L, 19786L, 154L, 32L, 252L, 
53L, 153L, 38L, 295L, 56L, 353L, 62L, 608L, 105L), .Dim = c(2L, 
2L, 4L), .Dimnames = structure(list(Pop = c("High", "Low"), Vaccinated = c("Vacc", 
"nonVacc"), Std.vs.DIVA = c("--", "+-", "-+", "++")), .Names = c("Pop", 
"Vaccinated", "Std.vs.DIVA")))
