structure(c(24138L, 24824L, 23633L, 24776L, 183L, 38L, 347L, 
41L, 222L, 36L, 337L, 60L, 457L, 102L, 683L, 123L), .Dim = c(2L, 
2L, 4L), .Dimnames = structure(list(Pop = c("High", "Low"), Vaccinated = c("Vacc", 
"nonVacc"), Std.vs.DIVA = c("--", "+-", "-+", "++")), .Names = c("Pop", 
"Vaccinated", "Std.vs.DIVA")))
