structure(c(21738L, 22365L, 21304L, 22253L, 188L, 31L, 279L, 
71L, 196L, 36L, 267L, 57L, 378L, 68L, 650L, 119L), .Dim = c(2L, 
2L, 4L), .Dimnames = structure(list(Pop = c("High", "Low"), Vaccinated = c("Vacc", 
"nonVacc"), Std.vs.DIVA = c("--", "+-", "-+", "++")), .Names = c("Pop", 
"Vaccinated", "Std.vs.DIVA")))
