structure(c(21739L, 22364L, 21306L, 22254L, 186L, 33L, 276L, 
72L, 195L, 39L, 268L, 56L, 380L, 64L, 650L, 118L), .Dim = c(2L, 
2L, 4L), .Dimnames = structure(list(Pop = c("High", "Low"), Vaccinated = c("Vacc", 
"nonVacc"), Std.vs.DIVA = c("--", "+-", "-+", "++")), .Names = c("Pop", 
"Vaccinated", "Std.vs.DIVA")))
