structure(c(21722L, 22351L, 21268L, 22254L, 203L, 35L, 307L, 
67L, 192L, 37L, 277L, 65L, 383L, 77L, 648L, 114L), .Dim = c(2L, 
2L, 4L), .Dimnames = structure(list(Pop = c("High", "Low"), Vaccinated = c("Vacc", 
"nonVacc"), Std.vs.DIVA = c("--", "+-", "-+", "++")), .Names = c("Pop", 
"Vaccinated", "Std.vs.DIVA")))
