structure(c(24211L, 24810L, 23617L, 24715L, 203L, 61L, 307L, 
74L, 210L, 48L, 338L, 76L, 376L, 81L, 738L, 135L), .Dim = c(2L, 
2L, 4L), .Dimnames = structure(list(Pop = c("High", "Low"), Vaccinated = c("Vacc", 
"nonVacc"), Std.vs.DIVA = c("--", "+-", "-+", "++")), .Names = c("Pop", 
"Vaccinated", "Std.vs.DIVA")))
