structure(c(24129L, 24851L, 23532L, 24734L, 203L, 42L, 373L, 
68L, 210L, 44L, 332L, 70L, 458L, 63L, 763L, 128L), .Dim = c(2L, 
2L, 4L), .Dimnames = structure(list(Pop = c("High", "Low"), Vaccinated = c("Vacc", 
"nonVacc"), Std.vs.DIVA = c("--", "+-", "-+", "++")), .Names = c("Pop", 
"Vaccinated", "Std.vs.DIVA")))
