structure(c(24120L, 24819L, 23579L, 24708L, 229L, 41L, 339L, 
92L, 200L, 57L, 341L, 83L, 451L, 83L, 741L, 117L), .Dim = c(2L, 
2L, 4L), .Dimnames = structure(list(Pop = c("High", "Low"), Vaccinated = c("Vacc", 
"nonVacc"), Std.vs.DIVA = c("--", "+-", "-+", "++")), .Names = c("Pop", 
"Vaccinated", "Std.vs.DIVA")))
