structure(c(19292L, 19862L, 18912L, 19762L, 171L, 42L, 282L, 
67L, 165L, 40L, 264L, 63L, 372L, 56L, 542L, 108L), .Dim = c(2L, 
2L, 4L), .Dimnames = structure(list(Pop = c("High", "Low"), Vaccinated = c("Vacc", 
"nonVacc"), Std.vs.DIVA = c("--", "+-", "-+", "++")), .Names = c("Pop", 
"Vaccinated", "Std.vs.DIVA")))
