structure(c(24129L, 24850L, 23534L, 24732L, 204L, 42L, 370L, 
71L, 209L, 43L, 334L, 70L, 458L, 65L, 762L, 127L), .Dim = c(2L, 
2L, 4L), .Dimnames = structure(list(Pop = c("High", "Low"), Vaccinated = c("Vacc", 
"nonVacc"), Std.vs.DIVA = c("--", "+-", "-+", "++")), .Names = c("Pop", 
"Vaccinated", "Std.vs.DIVA")))
