structure(c(21741L, 22368L, 21217L, 22264L, 181L, 34L, 310L, 
62L, 178L, 31L, 299L, 50L, 400L, 67L, 674L, 124L), .Dim = c(2L, 
2L, 4L), .Dimnames = structure(list(Pop = c("High", "Low"), Vaccinated = c("Vacc", 
"nonVacc"), Std.vs.DIVA = c("--", "+-", "-+", "++")), .Names = c("Pop", 
"Vaccinated", "Std.vs.DIVA")))
