structure(c(21752L, 22376L, 21334L, 22273L, 163L, 39L, 267L, 
57L, 181L, 41L, 288L, 51L, 404L, 44L, 611L, 119L), .Dim = c(2L, 
2L, 4L), .Dimnames = structure(list(Pop = c("High", "Low"), Vaccinated = c("Vacc", 
"nonVacc"), Std.vs.DIVA = c("--", "+-", "-+", "++")), .Names = c("Pop", 
"Vaccinated", "Std.vs.DIVA")))
