structure(c(19312L, 19870L, 18910L, 19782L, 167L, 41L, 272L, 
61L, 163L, 40L, 257L, 56L, 358L, 49L, 561L, 101L), .Dim = c(2L, 
2L, 4L), .Dimnames = structure(list(Pop = c("High", "Low"), Vaccinated = c("Vacc", 
"nonVacc"), Std.vs.DIVA = c("--", "+-", "-+", "++")), .Names = c("Pop", 
"Vaccinated", "Std.vs.DIVA")))
