structure(c(19305L, 19846L, 18857L, 19769L, 177L, 45L, 271L, 
59L, 158L, 40L, 278L, 71L, 360L, 69L, 594L, 101L), .Dim = c(2L, 
2L, 4L), .Dimnames = structure(list(Pop = c("High", "Low"), Vaccinated = c("Vacc", 
"nonVacc"), Std.vs.DIVA = c("--", "+-", "-+", "++")), .Names = c("Pop", 
"Vaccinated", "Std.vs.DIVA")))
