structure(c(21724L, 22352L, 21268L, 22286L, 169L, 38L, 280L, 
44L, 190L, 40L, 290L, 49L, 417L, 70L, 662L, 121L), .Dim = c(2L, 
2L, 4L), .Dimnames = structure(list(Pop = c("High", "Low"), Vaccinated = c("Vacc", 
"nonVacc"), Std.vs.DIVA = c("--", "+-", "-+", "++")), .Names = c("Pop", 
"Vaccinated", "Std.vs.DIVA")))
