structure(c(21729L, 22357L, 21272L, 22290L, 167L, 35L, 278L, 
43L, 187L, 38L, 288L, 46L, 417L, 70L, 662L, 121L), .Dim = c(2L, 
2L, 4L), .Dimnames = structure(list(Pop = c("High", "Low"), Vaccinated = c("Vacc", 
"nonVacc"), Std.vs.DIVA = c("--", "+-", "-+", "++")), .Names = c("Pop", 
"Vaccinated", "Std.vs.DIVA")))
