structure(c(21735L, 22354L, 21250L, 22275L, 182L, 37L, 298L, 
49L, 173L, 47L, 273L, 63L, 410L, 62L, 679L, 113L), .Dim = c(2L, 
2L, 4L), .Dimnames = structure(list(Pop = c("High", "Low"), Vaccinated = c("Vacc", 
"nonVacc"), Std.vs.DIVA = c("--", "+-", "-+", "++")), .Names = c("Pop", 
"Vaccinated", "Std.vs.DIVA")))
