structure(c(21729L, 22340L, 21230L, 22262L, 170L, 41L, 304L, 
67L, 190L, 52L, 317L, 63L, 411L, 67L, 649L, 108L), .Dim = c(2L, 
2L, 4L), .Dimnames = structure(list(Pop = c("High", "Low"), Vaccinated = c("Vacc", 
"nonVacc"), Std.vs.DIVA = c("--", "+-", "-+", "++")), .Names = c("Pop", 
"Vaccinated", "Std.vs.DIVA")))
