structure(c(16910L, 17394L, 16537L, 17331L, 145L, 23L, 238L, 
31L, 145L, 37L, 246L, 36L, 300L, 46L, 479L, 102L), .Dim = c(2L, 
2L, 4L), .Dimnames = structure(list(Pop = c("High", "Low"), Vaccinated = c("Vacc", 
"nonVacc"), Std.vs.DIVA = c("--", "+-", "-+", "++")), .Names = c("Pop", 
"Vaccinated", "Std.vs.DIVA")))
