structure(c(24212L, 24810L, 23618L, 24713L, 201L, 59L, 304L, 
83L, 216L, 49L, 335L, 74L, 371L, 82L, 743L, 130L), .Dim = c(2L, 
2L, 4L), .Dimnames = structure(list(Pop = c("High", "Low"), Vaccinated = c("Vacc", 
"nonVacc"), Std.vs.DIVA = c("--", "+-", "-+", "++")), .Names = c("Pop", 
"Vaccinated", "Std.vs.DIVA")))
