structure(c(21738L, 22345L, 21291L, 22252L, 170L, 36L, 281L, 
61L, 187L, 47L, 291L, 64L, 405L, 72L, 637L, 123L), .Dim = c(2L, 
2L, 4L), .Dimnames = structure(list(Pop = c("High", "Low"), Vaccinated = c("Vacc", 
"nonVacc"), Std.vs.DIVA = c("--", "+-", "-+", "++")), .Names = c("Pop", 
"Vaccinated", "Std.vs.DIVA")))
