structure(c(24167L, 24827L, 23616L, 24746L, 199L, 49L, 303L, 
77L, 193L, 50L, 326L, 70L, 441L, 74L, 755L, 107L), .Dim = c(2L, 
2L, 4L), .Dimnames = structure(list(Pop = c("High", "Low"), Vaccinated = c("Vacc", 
"nonVacc"), Std.vs.DIVA = c("--", "+-", "-+", "++")), .Names = c("Pop", 
"Vaccinated", "Std.vs.DIVA")))
