structure(c(24106L, 24832L, 23508L, 24719L, 217L, 47L, 385L, 
74L, 219L, 58L, 344L, 79L, 458L, 63L, 763L, 128L), .Dim = c(2L, 
2L, 4L), .Dimnames = structure(list(Pop = c("High", "Low"), Vaccinated = c("Vacc", 
"nonVacc"), Std.vs.DIVA = c("--", "+-", "-+", "++")), .Names = c("Pop", 
"Vaccinated", "Std.vs.DIVA")))
