structure(c(21725L, 22330L, 21222L, 22252L, 171L, 43L, 312L, 
69L, 192L, 53L, 317L, 74L, 412L, 74L, 649L, 105L), .Dim = c(2L, 
2L, 4L), .Dimnames = structure(list(Pop = c("High", "Low"), Vaccinated = c("Vacc", 
"nonVacc"), Std.vs.DIVA = c("--", "+-", "-+", "++")), .Names = c("Pop", 
"Vaccinated", "Std.vs.DIVA")))
