structure(c(16935L, 17375L, 16502L, 17312L, 134L, 32L, 233L, 
42L, 143L, 40L, 240L, 43L, 288L, 53L, 525L, 103L), .Dim = c(2L, 
2L, 4L), .Dimnames = structure(list(Pop = c("High", "Low"), Vaccinated = c("Vacc", 
"nonVacc"), Std.vs.DIVA = c("--", "+-", "-+", "++")), .Names = c("Pop", 
"Vaccinated", "Std.vs.DIVA")))
