structure(c(16896L, 17385L, 16577L, 17316L, 138L, 21L, 235L, 
41L, 143L, 38L, 222L, 40L, 323L, 56L, 466L, 103L), .Dim = c(2L, 
2L, 4L), .Dimnames = structure(list(Pop = c("High", "Low"), Vaccinated = c("Vacc", 
"nonVacc"), Std.vs.DIVA = c("--", "+-", "-+", "++")), .Names = c("Pop", 
"Vaccinated", "Std.vs.DIVA")))
