structure(c(19306L, 19884L, 18899L, 19795L, 173L, 40L, 268L, 
46L, 172L, 28L, 254L, 51L, 349L, 48L, 579L, 108L), .Dim = c(2L, 
2L, 4L), .Dimnames = structure(list(Pop = c("High", "Low"), Vaccinated = c("Vacc", 
"nonVacc"), Std.vs.DIVA = c("--", "+-", "-+", "++")), .Names = c("Pop", 
"Vaccinated", "Std.vs.DIVA")))
