structure(c(24142L, 24828L, 23628L, 24726L, 196L, 38L, 321L, 
77L, 215L, 44L, 326L, 65L, 447L, 90L, 725L, 132L), .Dim = c(2L, 
2L, 4L), .Dimnames = structure(list(Pop = c("High", "Low"), Vaccinated = c("Vacc", 
"nonVacc"), Std.vs.DIVA = c("--", "+-", "-+", "++")), .Names = c("Pop", 
"Vaccinated", "Std.vs.DIVA")))
