structure(c(21759L, 22335L, 21238L, 22248L, 170L, 49L, 310L, 
59L, 197L, 51L, 306L, 75L, 374L, 65L, 646L, 118L), .Dim = c(2L, 
2L, 4L), .Dimnames = structure(list(Pop = c("High", "Low"), Vaccinated = c("Vacc", 
"nonVacc"), Std.vs.DIVA = c("--", "+-", "-+", "++")), .Names = c("Pop", 
"Vaccinated", "Std.vs.DIVA")))
