structure(c(24124L, 24829L, 23570L, 24723L, 198L, 46L, 349L, 
70L, 217L, 53L, 307L, 84L, 461L, 72L, 774L, 123L), .Dim = c(2L, 
2L, 4L), .Dimnames = structure(list(Pop = c("High", "Low"), Vaccinated = c("Vacc", 
"nonVacc"), Std.vs.DIVA = c("--", "+-", "-+", "++")), .Names = c("Pop", 
"Vaccinated", "Std.vs.DIVA")))
