structure(c(24128L, 24830L, 23623L, 24754L, 195L, 40L, 293L, 
77L, 221L, 52L, 331L, 62L, 456L, 78L, 753L, 107L), .Dim = c(2L, 
2L, 4L), .Dimnames = structure(list(Pop = c("High", "Low"), Vaccinated = c("Vacc", 
"nonVacc"), Std.vs.DIVA = c("--", "+-", "-+", "++")), .Names = c("Pop", 
"Vaccinated", "Std.vs.DIVA")))
