structure(c(16921L, 17396L, 16538L, 17300L, 147L, 24L, 245L, 
41L, 136L, 27L, 229L, 42L, 296L, 53L, 488L, 117L), .Dim = c(2L, 
2L, 4L), .Dimnames = structure(list(Pop = c("High", "Low"), Vaccinated = c("Vacc", 
"nonVacc"), Std.vs.DIVA = c("--", "+-", "-+", "++")), .Names = c("Pop", 
"Vaccinated", "Std.vs.DIVA")))
