structure(c(21747L, 22379L, 21256L, 22266L, 187L, 30L, 300L, 
55L, 165L, 26L, 300L, 51L, 401L, 65L, 644L, 128L), .Dim = c(2L, 
2L, 4L), .Dimnames = structure(list(Pop = c("High", "Low"), Vaccinated = c("Vacc", 
"nonVacc"), Std.vs.DIVA = c("--", "+-", "-+", "++")), .Names = c("Pop", 
"Vaccinated", "Std.vs.DIVA")))
