structure(c(24120L, 24802L, 23606L, 24702L, 199L, 62L, 345L, 
85L, 228L, 57L, 329L, 81L, 453L, 79L, 720L, 132L), .Dim = c(2L, 
2L, 4L), .Dimnames = structure(list(Pop = c("High", "Low"), Vaccinated = c("Vacc", 
"nonVacc"), Std.vs.DIVA = c("--", "+-", "-+", "++")), .Names = c("Pop", 
"Vaccinated", "Std.vs.DIVA")))
