structure(c(24176L, 24820L, 23578L, 24778L, 195L, 59L, 352L, 
59L, 202L, 40L, 337L, 51L, 427L, 81L, 733L, 112L), .Dim = c(2L, 
2L, 4L), .Dimnames = structure(list(Pop = c("High", "Low"), Vaccinated = c("Vacc", 
"nonVacc"), Std.vs.DIVA = c("--", "+-", "-+", "++")), .Names = c("Pop", 
"Vaccinated", "Std.vs.DIVA")))
