structure(c(24103L, 24829L, 23604L, 24709L, 231L, 41L, 339L, 
92L, 214L, 58L, 332L, 57L, 452L, 72L, 725L, 142L), .Dim = c(2L, 
2L, 4L), .Dimnames = structure(list(Pop = c("High", "Low"), Vaccinated = c("Vacc", 
"nonVacc"), Std.vs.DIVA = c("--", "+-", "-+", "++")), .Names = c("Pop", 
"Vaccinated", "Std.vs.DIVA")))
