structure(c(24110L, 24826L, 23658L, 24736L, 222L, 61L, 296L, 
64L, 228L, 51L, 312L, 77L, 440L, 62L, 734L, 123L), .Dim = c(2L, 
2L, 4L), .Dimnames = structure(list(Pop = c("High", "Low"), Vaccinated = c("Vacc", 
"nonVacc"), Std.vs.DIVA = c("--", "+-", "-+", "++")), .Names = c("Pop", 
"Vaccinated", "Std.vs.DIVA")))
