structure(c(21752L, 22362L, 21322L, 22265L, 169L, 40L, 272L, 
64L, 180L, 49L, 293L, 58L, 399L, 49L, 613L, 113L), .Dim = c(2L, 
2L, 4L), .Dimnames = structure(list(Pop = c("High", "Low"), Vaccinated = c("Vacc", 
"nonVacc"), Std.vs.DIVA = c("--", "+-", "-+", "++")), .Names = c("Pop", 
"Vaccinated", "Std.vs.DIVA")))
