structure(c(19319L, 19858L, 18863L, 19765L, 167L, 35L, 279L, 
53L, 150L, 49L, 291L, 54L, 364L, 58L, 567L, 128L), .Dim = c(2L, 
2L, 4L), .Dimnames = structure(list(Pop = c("High", "Low"), Vaccinated = c("Vacc", 
"nonVacc"), Std.vs.DIVA = c("--", "+-", "-+", "++")), .Names = c("Pop", 
"Vaccinated", "Std.vs.DIVA")))
