structure(c(16921L, 17353L, 16491L, 17297L, 141L, 39L, 239L, 
48L, 150L, 55L, 245L, 52L, 288L, 53L, 525L, 103L), .Dim = c(2L, 
2L, 4L), .Dimnames = structure(list(Pop = c("High", "Low"), Vaccinated = c("Vacc", 
"nonVacc"), Std.vs.DIVA = c("--", "+-", "-+", "++")), .Names = c("Pop", 
"Vaccinated", "Std.vs.DIVA")))
