structure(c(19328L, 19879L, 18866L, 19787L, 151L, 34L, 258L, 
56L, 173L, 34L, 252L, 55L, 348L, 53L, 624L, 102L), .Dim = c(2L, 
2L, 4L), .Dimnames = structure(list(Pop = c("High", "Low"), Vaccinated = c("Vacc", 
"nonVacc"), Std.vs.DIVA = c("--", "+-", "-+", "++")), .Names = c("Pop", 
"Vaccinated", "Std.vs.DIVA")))
