structure(c(24150L, 24849L, 23614L, 24740L, 201L, 41L, 354L, 
75L, 218L, 45L, 313L, 52L, 431L, 65L, 719L, 133L), .Dim = c(2L, 
2L, 4L), .Dimnames = structure(list(Pop = c("High", "Low"), Vaccinated = c("Vacc", 
"nonVacc"), Std.vs.DIVA = c("--", "+-", "-+", "++")), .Names = c("Pop", 
"Vaccinated", "Std.vs.DIVA")))
