structure(c(21748L, 22369L, 21312L, 22263L, 179L, 30L, 275L, 
69L, 193L, 37L, 263L, 50L, 380L, 64L, 650L, 118L), .Dim = c(2L, 
2L, 4L), .Dimnames = structure(list(Pop = c("High", "Low"), Vaccinated = c("Vacc", 
"nonVacc"), Std.vs.DIVA = c("--", "+-", "-+", "++")), .Names = c("Pop", 
"Vaccinated", "Std.vs.DIVA")))
