structure(c(19300L, 19873L, 18855L, 19803L, 187L, 40L, 295L, 
44L, 164L, 34L, 274L, 49L, 349L, 53L, 576L, 104L), .Dim = c(2L, 
2L, 4L), .Dimnames = structure(list(Pop = c("High", "Low"), Vaccinated = c("Vacc", 
"nonVacc"), Std.vs.DIVA = c("--", "+-", "-+", "++")), .Names = c("Pop", 
"Vaccinated", "Std.vs.DIVA")))
