structure(c(19304L, 19875L, 18928L, 19774L, 167L, 35L, 274L, 
63L, 157L, 34L, 256L, 55L, 372L, 56L, 542L, 108L), .Dim = c(2L, 
2L, 4L), .Dimnames = structure(list(Pop = c("High", "Low"), Vaccinated = c("Vacc", 
"nonVacc"), Std.vs.DIVA = c("--", "+-", "-+", "++")), .Names = c("Pop", 
"Vaccinated", "Std.vs.DIVA")))
