structure(c(16918L, 17387L, 16536L, 17298L, 146L, 27L, 242L, 
45L, 132L, 30L, 234L, 40L, 304L, 56L, 488L, 117L), .Dim = c(2L, 
2L, 4L), .Dimnames = structure(list(Pop = c("High", "Low"), Vaccinated = c("Vacc", 
"nonVacc"), Std.vs.DIVA = c("--", "+-", "-+", "++")), .Names = c("Pop", 
"Vaccinated", "Std.vs.DIVA")))
