structure(c(21746L, 22311L, 21217L, 22231L, 178L, 60L, 316L, 
63L, 200L, 58L, 323L, 88L, 376L, 71L, 644L, 118L), .Dim = c(2L, 
2L, 4L), .Dimnames = structure(list(Pop = c("High", "Low"), Vaccinated = c("Vacc", 
"nonVacc"), Std.vs.DIVA = c("--", "+-", "-+", "++")), .Names = c("Pop", 
"Vaccinated", "Std.vs.DIVA")))
