structure(c(24148L, 24849L, 23611L, 24736L, 204L, 44L, 355L, 
75L, 216L, 46L, 315L, 56L, 432L, 61L, 719L, 133L), .Dim = c(2L, 
2L, 4L), .Dimnames = structure(list(Pop = c("High", "Low"), Vaccinated = c("Vacc", 
"nonVacc"), Std.vs.DIVA = c("--", "+-", "-+", "++")), .Names = c("Pop", 
"Vaccinated", "Std.vs.DIVA")))
