structure(c(24133L, 24849L, 23538L, 24729L, 201L, 40L, 369L, 
74L, 209L, 41L, 326L, 76L, 457L, 70L, 767L, 121L), .Dim = c(2L, 
2L, 4L), .Dimnames = structure(list(Pop = c("High", "Low"), Vaccinated = c("Vacc", 
"nonVacc"), Std.vs.DIVA = c("--", "+-", "-+", "++")), .Names = c("Pop", 
"Vaccinated", "Std.vs.DIVA")))
