structure(c(21751L, 22378L, 21320L, 22272L, 178L, 28L, 274L, 
57L, 186L, 36L, 257L, 50L, 385L, 58L, 649L, 121L), .Dim = c(2L, 
2L, 4L), .Dimnames = structure(list(Pop = c("High", "Low"), Vaccinated = c("Vacc", 
"nonVacc"), Std.vs.DIVA = c("--", "+-", "-+", "++")), .Names = c("Pop", 
"Vaccinated", "Std.vs.DIVA")))
