structure(c(24170L, 24833L, 23621L, 24752L, 197L, 47L, 301L, 
74L, 192L, 47L, 326L, 68L, 441L, 73L, 752L, 106L), .Dim = c(2L, 
2L, 4L), .Dimnames = structure(list(Pop = c("High", "Low"), Vaccinated = c("Vacc", 
"nonVacc"), Std.vs.DIVA = c("--", "+-", "-+", "++")), .Names = c("Pop", 
"Vaccinated", "Std.vs.DIVA")))
