structure(c(24177L, 24822L, 23598L, 24748L, 191L, 51L, 338L, 
73L, 223L, 55L, 324L, 54L, 409L, 72L, 740L, 125L), .Dim = c(2L, 
2L, 4L), .Dimnames = structure(list(Pop = c("High", "Low"), Vaccinated = c("Vacc", 
"nonVacc"), Std.vs.DIVA = c("--", "+-", "-+", "++")), .Names = c("Pop", 
"Vaccinated", "Std.vs.DIVA")))
