structure(c(21732L, 22348L, 21247L, 22272L, 186L, 37L, 303L, 
56L, 175L, 47L, 279L, 71L, 407L, 68L, 671L, 101L), .Dim = c(2L, 
2L, 4L), .Dimnames = structure(list(Pop = c("High", "Low"), Vaccinated = c("Vacc", 
"nonVacc"), Std.vs.DIVA = c("--", "+-", "-+", "++")), .Names = c("Pop", 
"Vaccinated", "Std.vs.DIVA")))
