structure(c(21754L, 22359L, 21255L, 22267L, 193L, 36L, 295L, 
61L, 159L, 43L, 286L, 64L, 394L, 62L, 664L, 108L), .Dim = c(2L, 
2L, 4L), .Dimnames = structure(list(Pop = c("High", "Low"), Vaccinated = c("Vacc", 
"nonVacc"), Std.vs.DIVA = c("--", "+-", "-+", "++")), .Names = c("Pop", 
"Vaccinated", "Std.vs.DIVA")))
