structure(c(19326L, 19866L, 18886L, 19785L, 163L, 35L, 257L, 
51L, 151L, 30L, 263L, 63L, 360L, 69L, 594L, 101L), .Dim = c(2L, 
2L, 4L), .Dimnames = structure(list(Pop = c("High", "Low"), Vaccinated = c("Vacc", 
"nonVacc"), Std.vs.DIVA = c("--", "+-", "-+", "++")), .Names = c("Pop", 
"Vaccinated", "Std.vs.DIVA")))
