structure(c(21724L, 22364L, 21278L, 22253L, 201L, 39L, 281L, 
69L, 170L, 30L, 305L, 53L, 405L, 67L, 636L, 125L), .Dim = c(2L, 
2L, 4L), .Dimnames = structure(list(Pop = c("High", "Low"), Vaccinated = c("Vacc", 
"nonVacc"), Std.vs.DIVA = c("--", "+-", "-+", "++")), .Names = c("Pop", 
"Vaccinated", "Std.vs.DIVA")))
