structure(c(24112L, 24827L, 23618L, 24741L, 202L, 41L, 295L, 
82L, 230L, 54L, 334L, 70L, 456L, 78L, 753L, 107L), .Dim = c(2L, 
2L, 4L), .Dimnames = structure(list(Pop = c("High", "Low"), Vaccinated = c("Vacc", 
"nonVacc"), Std.vs.DIVA = c("--", "+-", "-+", "++")), .Names = c("Pop", 
"Vaccinated", "Std.vs.DIVA")))
