structure(c(24163L, 24845L, 23636L, 24730L, 199L, 44L, 360L, 
75L, 189L, 39L, 311L, 82L, 449L, 72L, 693L, 113L), .Dim = c(2L, 
2L, 4L), .Dimnames = structure(list(Pop = c("High", "Low"), Vaccinated = c("Vacc", 
"nonVacc"), Std.vs.DIVA = c("--", "+-", "-+", "++")), .Names = c("Pop", 
"Vaccinated", "Std.vs.DIVA")))
