structure(c(19312L, 19867L, 18850L, 19769L, 162L, 42L, 266L, 
63L, 178L, 38L, 260L, 66L, 348L, 53L, 624L, 102L), .Dim = c(2L, 
2L, 4L), .Dimnames = structure(list(Pop = c("High", "Low"), Vaccinated = c("Vacc", 
"nonVacc"), Std.vs.DIVA = c("--", "+-", "-+", "++")), .Names = c("Pop", 
"Vaccinated", "Std.vs.DIVA")))
