structure(c(24156L, 24820L, 23558L, 24713L, 198L, 47L, 314L, 
85L, 207L, 47L, 336L, 79L, 439L, 86L, 792L, 123L), .Dim = c(2L, 
2L, 4L), .Dimnames = structure(list(Pop = c("High", "Low"), Vaccinated = c("Vacc", 
"nonVacc"), Std.vs.DIVA = c("--", "+-", "-+", "++")), .Names = c("Pop", 
"Vaccinated", "Std.vs.DIVA")))
