structure(c(19344L, 19890L, 18875L, 19822L, 146L, 37L, 285L, 
50L, 158L, 20L, 237L, 28L, 352L, 53L, 603L, 100L), .Dim = c(2L, 
2L, 4L), .Dimnames = structure(list(Pop = c("High", "Low"), Vaccinated = c("Vacc", 
"nonVacc"), Std.vs.DIVA = c("--", "+-", "-+", "++")), .Names = c("Pop", 
"Vaccinated", "Std.vs.DIVA")))
