structure(c(21734L, 22365L, 21240L, 22257L, 194L, 41L, 308L, 
59L, 171L, 29L, 308L, 56L, 401L, 65L, 644L, 128L), .Dim = c(2L, 
2L, 4L), .Dimnames = structure(list(Pop = c("High", "Low"), Vaccinated = c("Vacc", 
"nonVacc"), Std.vs.DIVA = c("--", "+-", "-+", "++")), .Names = c("Pop", 
"Vaccinated", "Std.vs.DIVA")))
