structure(c(21725L, 22328L, 21221L, 22251L, 166L, 41L, 318L, 
69L, 183L, 57L, 314L, 78L, 426L, 74L, 647L, 102L), .Dim = c(2L, 
2L, 4L), .Dimnames = structure(list(Pop = c("High", "Low"), Vaccinated = c("Vacc", 
"nonVacc"), Std.vs.DIVA = c("--", "+-", "-+", "++")), .Names = c("Pop", 
"Vaccinated", "Std.vs.DIVA")))
