structure(c(24169L, 24845L, 23579L, 24730L, 197L, 52L, 371L, 
66L, 211L, 39L, 337L, 76L, 423L, 64L, 713L, 128L), .Dim = c(2L, 
2L, 4L), .Dimnames = structure(list(Pop = c("High", "Low"), Vaccinated = c("Vacc", 
"nonVacc"), Std.vs.DIVA = c("--", "+-", "-+", "++")), .Names = c("Pop", 
"Vaccinated", "Std.vs.DIVA")))
