structure(c(19313L, 19868L, 18874L, 19779L, 159L, 43L, 253L, 
53L, 186L, 33L, 227L, 57L, 342L, 56L, 646L, 111L), .Dim = c(2L, 
2L, 4L), .Dimnames = structure(list(Pop = c("High", "Low"), Vaccinated = c("Vacc", 
"nonVacc"), Std.vs.DIVA = c("--", "+-", "-+", "++")), .Names = c("Pop", 
"Vaccinated", "Std.vs.DIVA")))
