structure(c(16890L, 17375L, 16558L, 17306L, 142L, 25L, 241L, 
46L, 145L, 44L, 235L, 45L, 323L, 56L, 466L, 103L), .Dim = c(2L, 
2L, 4L), .Dimnames = structure(list(Pop = c("High", "Low"), Vaccinated = c("Vacc", 
"nonVacc"), Std.vs.DIVA = c("--", "+-", "-+", "++")), .Names = c("Pop", 
"Vaccinated", "Std.vs.DIVA")))
