structure(c(21732L, 22361L, 21232L, 22252L, 199L, 41L, 313L, 
66L, 172L, 31L, 310L, 57L, 397L, 67L, 645L, 125L), .Dim = c(2L, 
2L, 4L), .Dimnames = structure(list(Pop = c("High", "Low"), Vaccinated = c("Vacc", 
"nonVacc"), Std.vs.DIVA = c("--", "+-", "-+", "++")), .Names = c("Pop", 
"Vaccinated", "Std.vs.DIVA")))
