structure(c(21750L, 22357L, 21249L, 22263L, 195L, 37L, 297L, 
62L, 161L, 44L, 290L, 67L, 394L, 62L, 664L, 108L), .Dim = c(2L, 
2L, 4L), .Dimnames = structure(list(Pop = c("High", "Low"), Vaccinated = c("Vacc", 
"nonVacc"), Std.vs.DIVA = c("--", "+-", "-+", "++")), .Names = c("Pop", 
"Vaccinated", "Std.vs.DIVA")))
