structure(c(21752L, 22343L, 21212L, 22264L, 194L, 54L, 330L, 
56L, 177L, 35L, 293L, 74L, 377L, 68L, 665L, 106L), .Dim = c(2L, 
2L, 4L), .Dimnames = structure(list(Pop = c("High", "Low"), Vaccinated = c("Vacc", 
"nonVacc"), Std.vs.DIVA = c("--", "+-", "-+", "++")), .Names = c("Pop", 
"Vaccinated", "Std.vs.DIVA")))
