structure(c(21689L, 22323L, 21230L, 22254L, 200L, 59L, 288L, 
75L, 185L, 51L, 296L, 66L, 426L, 67L, 686L, 105L), .Dim = c(2L, 
2L, 4L), .Dimnames = structure(list(Pop = c("High", "Low"), Vaccinated = c("Vacc", 
"nonVacc"), Std.vs.DIVA = c("--", "+-", "-+", "++")), .Names = c("Pop", 
"Vaccinated", "Std.vs.DIVA")))
