structure(c(19304L, 19868L, 18920L, 19767L, 166L, 41L, 277L, 
63L, 164L, 35L, 255L, 61L, 366L, 56L, 548L, 109L), .Dim = c(2L, 
2L, 4L), .Dimnames = structure(list(Pop = c("High", "Low"), Vaccinated = c("Vacc", 
"nonVacc"), Std.vs.DIVA = c("--", "+-", "-+", "++")), .Names = c("Pop", 
"Vaccinated", "Std.vs.DIVA")))
