structure(c(21698L, 22301L, 21286L, 22229L, 198L, 48L, 289L, 
67L, 188L, 57L, 298L, 89L, 416L, 94L, 627L, 115L), .Dim = c(2L, 
2L, 4L), .Dimnames = structure(list(Pop = c("High", "Low"), Vaccinated = c("Vacc", 
"nonVacc"), Std.vs.DIVA = c("--", "+-", "-+", "++")), .Names = c("Pop", 
"Vaccinated", "Std.vs.DIVA")))
