structure(c(24164L, 24839L, 23570L, 24722L, 199L, 56L, 375L, 
71L, 214L, 41L, 342L, 79L, 423L, 64L, 713L, 128L), .Dim = c(2L, 
2L, 4L), .Dimnames = structure(list(Pop = c("High", "Low"), Vaccinated = c("Vacc", 
"nonVacc"), Std.vs.DIVA = c("--", "+-", "-+", "++")), .Names = c("Pop", 
"Vaccinated", "Std.vs.DIVA")))
