structure(c(16902L, 17389L, 16528L, 17320L, 148L, 25L, 246L, 
36L, 152L, 36L, 244L, 44L, 298L, 50L, 482L, 100L), .Dim = c(2L, 
2L, 4L), .Dimnames = structure(list(Pop = c("High", "Low"), Vaccinated = c("Vacc", 
"nonVacc"), Std.vs.DIVA = c("--", "+-", "-+", "++")), .Names = c("Pop", 
"Vaccinated", "Std.vs.DIVA")))
