structure(c(21732L, 22354L, 21252L, 22280L, 186L, 35L, 299L, 
52L, 175L, 43L, 278L, 67L, 407L, 68L, 671L, 101L), .Dim = c(2L, 
2L, 4L), .Dimnames = structure(list(Pop = c("High", "Low"), Vaccinated = c("Vacc", 
"nonVacc"), Std.vs.DIVA = c("--", "+-", "-+", "++")), .Names = c("Pop", 
"Vaccinated", "Std.vs.DIVA")))
