structure(c(19288L, 19878L, 18891L, 19788L, 179L, 46L, 270L, 
51L, 185L, 30L, 259L, 57L, 348L, 46L, 580L, 104L), .Dim = c(2L, 
2L, 4L), .Dimnames = structure(list(Pop = c("High", "Low"), Vaccinated = c("Vacc", 
"nonVacc"), Std.vs.DIVA = c("--", "+-", "-+", "++")), .Names = c("Pop", 
"Vaccinated", "Std.vs.DIVA")))
