structure(c(24138L, 24833L, 23598L, 24723L, 220L, 37L, 336L, 
78L, 188L, 49L, 329L, 71L, 454L, 81L, 737L, 128L), .Dim = c(2L, 
2L, 4L), .Dimnames = structure(list(Pop = c("High", "Low"), Vaccinated = c("Vacc", 
"nonVacc"), Std.vs.DIVA = c("--", "+-", "-+", "++")), .Names = c("Pop", 
"Vaccinated", "Std.vs.DIVA")))
