structure(c(16923L, 17371L, 16468L, 17299L, 143L, 33L, 268L, 
48L, 149L, 43L, 240L, 52L, 285L, 53L, 524L, 101L), .Dim = c(2L, 
2L, 4L), .Dimnames = structure(list(Pop = c("High", "Low"), Vaccinated = c("Vacc", 
"nonVacc"), Std.vs.DIVA = c("--", "+-", "-+", "++")), .Names = c("Pop", 
"Vaccinated", "Std.vs.DIVA")))
