structure(c(19318L, 19851L, 18866L, 19776L, 170L, 40L, 269L, 
54L, 148L, 36L, 271L, 66L, 364L, 73L, 594L, 104L), .Dim = c(2L, 
2L, 4L), .Dimnames = structure(list(Pop = c("High", "Low"), Vaccinated = c("Vacc", 
"nonVacc"), Std.vs.DIVA = c("--", "+-", "-+", "++")), .Names = c("Pop", 
"Vaccinated", "Std.vs.DIVA")))
