structure(c(21727L, 22333L, 21224L, 22254L, 165L, 38L, 315L, 
67L, 182L, 55L, 314L, 77L, 426L, 74L, 647L, 102L), .Dim = c(2L, 
2L, 4L), .Dimnames = structure(list(Pop = c("High", "Low"), Vaccinated = c("Vacc", 
"nonVacc"), Std.vs.DIVA = c("--", "+-", "-+", "++")), .Names = c("Pop", 
"Vaccinated", "Std.vs.DIVA")))
