structure(c(21749L, 22356L, 21306L, 22261L, 167L, 30L, 276L, 
52L, 172L, 44L, 285L, 60L, 412L, 70L, 633L, 127L), .Dim = c(2L, 
2L, 4L), .Dimnames = structure(list(Pop = c("High", "Low"), Vaccinated = c("Vacc", 
"nonVacc"), Std.vs.DIVA = c("--", "+-", "-+", "++")), .Names = c("Pop", 
"Vaccinated", "Std.vs.DIVA")))
