structure(c(19302L, 19866L, 18914L, 19761L, 168L, 43L, 281L, 
65L, 164L, 35L, 257L, 65L, 366L, 56L, 548L, 109L), .Dim = c(2L, 
2L, 4L), .Dimnames = structure(list(Pop = c("High", "Low"), Vaccinated = c("Vacc", 
"nonVacc"), Std.vs.DIVA = c("--", "+-", "-+", "++")), .Names = c("Pop", 
"Vaccinated", "Std.vs.DIVA")))
