structure(c(19315L, 19879L, 18929L, 19778L, 161L, 34L, 272L, 
56L, 158L, 31L, 251L, 57L, 366L, 56L, 548L, 109L), .Dim = c(2L, 
2L, 4L), .Dimnames = structure(list(Pop = c("High", "Low"), Vaccinated = c("Vacc", 
"nonVacc"), Std.vs.DIVA = c("--", "+-", "-+", "++")), .Names = c("Pop", 
"Vaccinated", "Std.vs.DIVA")))
