structure(c(21706L, 22338L, 21265L, 22281L, 192L, 39L, 309L, 
57L, 184L, 45L, 284L, 62L, 418L, 78L, 642L, 100L), .Dim = c(2L, 
2L, 4L), .Dimnames = structure(list(Pop = c("High", "Low"), Vaccinated = c("Vacc", 
"nonVacc"), Std.vs.DIVA = c("--", "+-", "-+", "++")), .Names = c("Pop", 
"Vaccinated", "Std.vs.DIVA")))
