structure(c(24175L, 24863L, 23592L, 24753L, 186L, 42L, 321L, 
59L, 198L, 34L, 348L, 66L, 441L, 61L, 739L, 122L), .Dim = c(2L, 
2L, 4L), .Dimnames = structure(list(Pop = c("High", "Low"), Vaccinated = c("Vacc", 
"nonVacc"), Std.vs.DIVA = c("--", "+-", "-+", "++")), .Names = c("Pop", 
"Vaccinated", "Std.vs.DIVA")))
