structure(c(21755L, 22377L, 21318L, 22271L, 178L, 26L, 274L, 
61L, 189L, 29L, 258L, 49L, 378L, 68L, 650L, 119L), .Dim = c(2L, 
2L, 4L), .Dimnames = structure(list(Pop = c("High", "Low"), Vaccinated = c("Vacc", 
"nonVacc"), Std.vs.DIVA = c("--", "+-", "-+", "++")), .Names = c("Pop", 
"Vaccinated", "Std.vs.DIVA")))
