structure(c(21746L, 22312L, 21216L, 22233L, 179L, 66L, 317L, 
63L, 201L, 57L, 321L, 86L, 374L, 65L, 646L, 118L), .Dim = c(2L, 
2L, 4L), .Dimnames = structure(list(Pop = c("High", "Low"), Vaccinated = c("Vacc", 
"nonVacc"), Std.vs.DIVA = c("--", "+-", "-+", "++")), .Names = c("Pop", 
"Vaccinated", "Std.vs.DIVA")))
