structure(c(24158L, 24801L, 23560L, 24764L, 207L, 71L, 365L, 
60L, 207L, 52L, 342L, 64L, 428L, 76L, 733L, 112L), .Dim = c(2L, 
2L, 4L), .Dimnames = structure(list(Pop = c("High", "Low"), Vaccinated = c("Vacc", 
"nonVacc"), Std.vs.DIVA = c("--", "+-", "-+", "++")), .Names = c("Pop", 
"Vaccinated", "Std.vs.DIVA")))
