structure(c(21718L, 22320L, 21298L, 22258L, 187L, 40L, 282L, 
53L, 179L, 46L, 294L, 74L, 416L, 94L, 626L, 115L), .Dim = c(2L, 
2L, 4L), .Dimnames = structure(list(Pop = c("High", "Low"), Vaccinated = c("Vacc", 
"nonVacc"), Std.vs.DIVA = c("--", "+-", "-+", "++")), .Names = c("Pop", 
"Vaccinated", "Std.vs.DIVA")))
