structure(c(19317L, 19872L, 18880L, 19782L, 157L, 42L, 250L, 
52L, 184L, 30L, 224L, 55L, 342L, 56L, 646L, 111L), .Dim = c(2L, 
2L, 4L), .Dimnames = structure(list(Pop = c("High", "Low"), Vaccinated = c("Vacc", 
"nonVacc"), Std.vs.DIVA = c("--", "+-", "-+", "++")), .Names = c("Pop", 
"Vaccinated", "Std.vs.DIVA")))
