structure(c(24160L, 24838L, 23610L, 24766L, 191L, 40L, 338L, 
59L, 207L, 47L, 330L, 46L, 442L, 75L, 722L, 129L), .Dim = c(2L, 
2L, 4L), .Dimnames = structure(list(Pop = c("High", "Low"), Vaccinated = c("Vacc", 
"nonVacc"), Std.vs.DIVA = c("--", "+-", "-+", "++")), .Names = c("Pop", 
"Vaccinated", "Std.vs.DIVA")))
