structure(c(24125L, 24826L, 23585L, 24712L, 228L, 41L, 340L, 
83L, 193L, 52L, 338L, 77L, 454L, 81L, 737L, 128L), .Dim = c(2L, 
2L, 4L), .Dimnames = structure(list(Pop = c("High", "Low"), Vaccinated = c("Vacc", 
"nonVacc"), Std.vs.DIVA = c("--", "+-", "-+", "++")), .Names = c("Pop", 
"Vaccinated", "Std.vs.DIVA")))
