structure(c(21748L, 22373L, 21315L, 22269L, 180L, 30L, 277L, 
60L, 187L, 39L, 259L, 50L, 385L, 58L, 649L, 121L), .Dim = c(2L, 
2L, 4L), .Dimnames = structure(list(Pop = c("High", "Low"), Vaccinated = c("Vacc", 
"nonVacc"), Std.vs.DIVA = c("--", "+-", "-+", "++")), .Names = c("Pop", 
"Vaccinated", "Std.vs.DIVA")))
