structure(c(24149L, 24845L, 23611L, 24744L, 202L, 42L, 354L, 
70L, 214L, 46L, 314L, 53L, 435L, 67L, 721L, 133L), .Dim = c(2L, 
2L, 4L), .Dimnames = structure(list(Pop = c("High", "Low"), Vaccinated = c("Vacc", 
"nonVacc"), Std.vs.DIVA = c("--", "+-", "-+", "++")), .Names = c("Pop", 
"Vaccinated", "Std.vs.DIVA")))
