structure(c(21722L, 22336L, 21263L, 22243L, 203L, 39L, 309L, 
69L, 192L, 48L, 280L, 74L, 383L, 77L, 648L, 114L), .Dim = c(2L, 
2L, 4L), .Dimnames = structure(list(Pop = c("High", "Low"), Vaccinated = c("Vacc", 
"nonVacc"), Std.vs.DIVA = c("--", "+-", "-+", "++")), .Names = c("Pop", 
"Vaccinated", "Std.vs.DIVA")))
