structure(c(21754L, 22375L, 21335L, 22274L, 167L, 36L, 265L, 
60L, 180L, 40L, 287L, 53L, 399L, 49L, 613L, 113L), .Dim = c(2L, 
2L, 4L), .Dimnames = structure(list(Pop = c("High", "Low"), Vaccinated = c("Vacc", 
"nonVacc"), Std.vs.DIVA = c("--", "+-", "-+", "++")), .Names = c("Pop", 
"Vaccinated", "Std.vs.DIVA")))
