structure(c(24131L, 24818L, 23604L, 24698L, 212L, 57L, 374L, 
93L, 207L, 52L, 329L, 96L, 450L, 73L, 693L, 113L), .Dim = c(2L, 
2L, 4L), .Dimnames = structure(list(Pop = c("High", "Low"), Vaccinated = c("Vacc", 
"nonVacc"), Std.vs.DIVA = c("--", "+-", "-+", "++")), .Names = c("Pop", 
"Vaccinated", "Std.vs.DIVA")))
