structure(c(21718L, 22343L, 21260L, 22278L, 172L, 43L, 285L, 
48L, 193L, 44L, 293L, 53L, 417L, 70L, 662L, 121L), .Dim = c(2L, 
2L, 4L), .Dimnames = structure(list(Pop = c("High", "Low"), Vaccinated = c("Vacc", 
"nonVacc"), Std.vs.DIVA = c("--", "+-", "-+", "++")), .Names = c("Pop", 
"Vaccinated", "Std.vs.DIVA")))
