structure(c(24129L, 24838L, 23621L, 24764L, 193L, 42L, 293L, 
75L, 221L, 46L, 333L, 53L, 457L, 74L, 753L, 108L), .Dim = c(2L, 
2L, 4L), .Dimnames = structure(list(Pop = c("High", "Low"), Vaccinated = c("Vacc", 
"nonVacc"), Std.vs.DIVA = c("--", "+-", "-+", "++")), .Names = c("Pop", 
"Vaccinated", "Std.vs.DIVA")))
