structure(c(21702L, 22326L, 21256L, 22235L, 210L, 62L, 295L, 
75L, 187L, 47L, 317L, 65L, 401L, 65L, 632L, 125L), .Dim = c(2L, 
2L, 4L), .Dimnames = structure(list(Pop = c("High", "Low"), Vaccinated = c("Vacc", 
"nonVacc"), Std.vs.DIVA = c("--", "+-", "-+", "++")), .Names = c("Pop", 
"Vaccinated", "Std.vs.DIVA")))
