structure(c(21751L, 22327L, 21235L, 22239L, 167L, 48L, 306L, 
65L, 203L, 52L, 309L, 83L, 379L, 73L, 650L, 113L), .Dim = c(2L, 
2L, 4L), .Dimnames = structure(list(Pop = c("High", "Low"), Vaccinated = c("Vacc", 
"nonVacc"), Std.vs.DIVA = c("--", "+-", "-+", "++")), .Names = c("Pop", 
"Vaccinated", "Std.vs.DIVA")))
