structure(c(24138L, 24847L, 23628L, 24772L, 191L, 38L, 292L, 
74L, 214L, 41L, 327L, 46L, 457L, 74L, 753L, 108L), .Dim = c(2L, 
2L, 4L), .Dimnames = structure(list(Pop = c("High", "Low"), Vaccinated = c("Vacc", 
"nonVacc"), Std.vs.DIVA = c("--", "+-", "-+", "++")), .Names = c("Pop", 
"Vaccinated", "Std.vs.DIVA")))
