structure(c(21747L, 22370L, 21310L, 22262L, 181L, 28L, 278L, 
68L, 194L, 34L, 262L, 51L, 378L, 68L, 650L, 119L), .Dim = c(2L, 
2L, 4L), .Dimnames = structure(list(Pop = c("High", "Low"), Vaccinated = c("Vacc", 
"nonVacc"), Std.vs.DIVA = c("--", "+-", "-+", "++")), .Names = c("Pop", 
"Vaccinated", "Std.vs.DIVA")))
