structure(c(21732L, 22358L, 21304L, 22251L, 190L, 35L, 276L, 
75L, 198L, 43L, 270L, 56L, 380L, 64L, 650L, 118L), .Dim = c(2L, 
2L, 4L), .Dimnames = structure(list(Pop = c("High", "Low"), Vaccinated = c("Vacc", 
"nonVacc"), Std.vs.DIVA = c("--", "+-", "-+", "++")), .Names = c("Pop", 
"Vaccinated", "Std.vs.DIVA")))
