structure(c(21739L, 22352L, 21242L, 22279L, 164L, 34L, 303L, 
55L, 185L, 40L, 306L, 61L, 412L, 74L, 649L, 105L), .Dim = c(2L, 
2L, 4L), .Dimnames = structure(list(Pop = c("High", "Low"), Vaccinated = c("Vacc", 
"nonVacc"), Std.vs.DIVA = c("--", "+-", "-+", "++")), .Names = c("Pop", 
"Vaccinated", "Std.vs.DIVA")))
