structure(c(24165L, 24838L, 23612L, 24767L, 192L, 37L, 328L, 
66L, 204L, 50L, 328L, 42L, 439L, 75L, 732L, 125L), .Dim = c(2L, 
2L, 4L), .Dimnames = structure(list(Pop = c("High", "Low"), Vaccinated = c("Vacc", 
"nonVacc"), Std.vs.DIVA = c("--", "+-", "-+", "++")), .Names = c("Pop", 
"Vaccinated", "Std.vs.DIVA")))
