structure(c(16900L, 17388L, 16578L, 17318L, 136L, 20L, 235L, 
39L, 141L, 36L, 221L, 40L, 323L, 56L, 466L, 103L), .Dim = c(2L, 
2L, 4L), .Dimnames = structure(list(Pop = c("High", "Low"), Vaccinated = c("Vacc", 
"nonVacc"), Std.vs.DIVA = c("--", "+-", "-+", "++")), .Names = c("Pop", 
"Vaccinated", "Std.vs.DIVA")))
