structure(c(21694L, 22330L, 21256L, 22261L, 199L, 45L, 327L, 
61L, 186L, 57L, 279L, 78L, 421L, 68L, 638L, 100L), .Dim = c(2L, 
2L, 4L), .Dimnames = structure(list(Pop = c("High", "Low"), Vaccinated = c("Vacc", 
"nonVacc"), Std.vs.DIVA = c("--", "+-", "-+", "++")), .Names = c("Pop", 
"Vaccinated", "Std.vs.DIVA")))
