structure(c(21756L, 22354L, 21247L, 22260L, 186L, 41L, 296L, 
70L, 169L, 47L, 293L, 63L, 389L, 58L, 664L, 107L), .Dim = c(2L, 
2L, 4L), .Dimnames = structure(list(Pop = c("High", "Low"), Vaccinated = c("Vacc", 
"nonVacc"), Std.vs.DIVA = c("--", "+-", "-+", "++")), .Names = c("Pop", 
"Vaccinated", "Std.vs.DIVA")))
