structure(c(24123L, 24816L, 23591L, 24709L, 220L, 58L, 366L, 
83L, 222L, 59L, 322L, 75L, 435L, 67L, 721L, 133L), .Dim = c(2L, 
2L, 4L), .Dimnames = structure(list(Pop = c("High", "Low"), Vaccinated = c("Vacc", 
"nonVacc"), Std.vs.DIVA = c("--", "+-", "-+", "++")), .Names = c("Pop", 
"Vaccinated", "Std.vs.DIVA")))
