structure(c(21721L, 22326L, 21218L, 22240L, 189L, 51L, 315L, 
68L, 180L, 61L, 288L, 79L, 410L, 62L, 679L, 113L), .Dim = c(2L, 
2L, 4L), .Dimnames = structure(list(Pop = c("High", "Low"), Vaccinated = c("Vacc", 
"nonVacc"), Std.vs.DIVA = c("--", "+-", "-+", "++")), .Names = c("Pop", 
"Vaccinated", "Std.vs.DIVA")))
