structure(c(24109L, 24833L, 23608L, 24713L, 228L, 39L, 338L, 
90L, 211L, 56L, 329L, 55L, 452L, 72L, 725L, 142L), .Dim = c(2L, 
2L, 4L), .Dimnames = structure(list(Pop = c("High", "Low"), Vaccinated = c("Vacc", 
"nonVacc"), Std.vs.DIVA = c("--", "+-", "-+", "++")), .Names = c("Pop", 
"Vaccinated", "Std.vs.DIVA")))
