structure(c(16900L, 17388L, 16577L, 17319L, 140L, 20L, 235L, 
38L, 139L, 36L, 219L, 41L, 321L, 56L, 469L, 102L), .Dim = c(2L, 
2L, 4L), .Dimnames = structure(list(Pop = c("High", "Low"), Vaccinated = c("Vacc", 
"nonVacc"), Std.vs.DIVA = c("--", "+-", "-+", "++")), .Names = c("Pop", 
"Vaccinated", "Std.vs.DIVA")))
