structure(c(24141L, 24823L, 23628L, 24718L, 195L, 53L, 330L, 
76L, 211L, 47L, 320L, 80L, 453L, 77L, 722L, 126L), .Dim = c(2L, 
2L, 4L), .Dimnames = structure(list(Pop = c("High", "Low"), Vaccinated = c("Vacc", 
"nonVacc"), Std.vs.DIVA = c("--", "+-", "-+", "++")), .Names = c("Pop", 
"Vaccinated", "Std.vs.DIVA")))
