structure(c(24169L, 24810L, 23648L, 24746L, 219L, 56L, 299L, 
68L, 192L, 63L, 316L, 55L, 420L, 71L, 737L, 131L), .Dim = c(2L, 
2L, 4L), .Dimnames = structure(list(Pop = c("High", "Low"), Vaccinated = c("Vacc", 
"nonVacc"), Std.vs.DIVA = c("--", "+-", "-+", "++")), .Names = c("Pop", 
"Vaccinated", "Std.vs.DIVA")))
