structure(c(24127L, 24851L, 23622L, 24722L, 220L, 36L, 342L, 
73L, 205L, 42L, 322L, 57L, 448L, 71L, 714L, 148L), .Dim = c(2L, 
2L, 4L), .Dimnames = structure(list(Pop = c("High", "Low"), Vaccinated = c("Vacc", 
"nonVacc"), Std.vs.DIVA = c("--", "+-", "-+", "++")), .Names = c("Pop", 
"Vaccinated", "Std.vs.DIVA")))
