structure(c(16900L, 17379L, 16519L, 17312L, 150L, 28L, 248L, 
42L, 150L, 47L, 254L, 44L, 300L, 46L, 479L, 102L), .Dim = c(2L, 
2L, 4L), .Dimnames = structure(list(Pop = c("High", "Low"), Vaccinated = c("Vacc", 
"nonVacc"), Std.vs.DIVA = c("--", "+-", "-+", "++")), .Names = c("Pop", 
"Vaccinated", "Std.vs.DIVA")))
