structure(c(21703L, 22308L, 21285L, 22231L, 200L, 39L, 291L, 
65L, 188L, 61L, 294L, 90L, 409L, 92L, 630L, 114L), .Dim = c(2L, 
2L, 4L), .Dimnames = structure(list(Pop = c("High", "Low"), Vaccinated = c("Vacc", 
"nonVacc"), Std.vs.DIVA = c("--", "+-", "-+", "++")), .Names = c("Pop", 
"Vaccinated", "Std.vs.DIVA")))
