structure(c(16915L, 17383L, 16532L, 17295L, 148L, 28L, 243L, 
47L, 133L, 33L, 237L, 41L, 304L, 56L, 488L, 117L), .Dim = c(2L, 
2L, 4L), .Dimnames = structure(list(Pop = c("High", "Low"), Vaccinated = c("Vacc", 
"nonVacc"), Std.vs.DIVA = c("--", "+-", "-+", "++")), .Names = c("Pop", 
"Vaccinated", "Std.vs.DIVA")))
