structure(c(16916L, 17377L, 16527L, 17290L, 146L, 34L, 242L, 
50L, 137L, 31L, 238L, 49L, 301L, 58L, 493L, 111L), .Dim = c(2L, 
2L, 4L), .Dimnames = structure(list(Pop = c("High", "Low"), Vaccinated = c("Vacc", 
"nonVacc"), Std.vs.DIVA = c("--", "+-", "-+", "++")), .Names = c("Pop", 
"Vaccinated", "Std.vs.DIVA")))
