structure(c(16927L, 17356L, 16492L, 17299L, 139L, 39L, 237L, 
46L, 147L, 50L, 247L, 51L, 287L, 55L, 524L, 104L), .Dim = c(2L, 
2L, 4L), .Dimnames = structure(list(Pop = c("High", "Low"), Vaccinated = c("Vacc", 
"nonVacc"), Std.vs.DIVA = c("--", "+-", "-+", "++")), .Names = c("Pop", 
"Vaccinated", "Std.vs.DIVA")))
