structure(c(24159L, 24822L, 23564L, 24715L, 194L, 46L, 311L, 
86L, 204L, 46L, 334L, 77L, 443L, 86L, 791L, 122L), .Dim = c(2L, 
2L, 4L), .Dimnames = structure(list(Pop = c("High", "Low"), Vaccinated = c("Vacc", 
"nonVacc"), Std.vs.DIVA = c("--", "+-", "-+", "++")), .Names = c("Pop", 
"Vaccinated", "Std.vs.DIVA")))
