structure(c(21709L, 22321L, 21246L, 22249L, 177L, 52L, 293L, 
65L, 198L, 57L, 300L, 63L, 416L, 70L, 661L, 123L), .Dim = c(2L, 
2L, 4L), .Dimnames = structure(list(Pop = c("High", "Low"), Vaccinated = c("Vacc", 
"nonVacc"), Std.vs.DIVA = c("--", "+-", "-+", "++")), .Names = c("Pop", 
"Vaccinated", "Std.vs.DIVA")))
