structure(c(24140L, 24833L, 23610L, 24710L, 210L, 52L, 371L, 
86L, 201L, 43L, 326L, 91L, 449L, 72L, 693L, 113L), .Dim = c(2L, 
2L, 4L), .Dimnames = structure(list(Pop = c("High", "Low"), Vaccinated = c("Vacc", 
"nonVacc"), Std.vs.DIVA = c("--", "+-", "-+", "++")), .Names = c("Pop", 
"Vaccinated", "Std.vs.DIVA")))
