structure(c(21722L, 22347L, 21265L, 22246L, 203L, 35L, 308L, 
69L, 192L, 41L, 279L, 71L, 383L, 77L, 648L, 114L), .Dim = c(2L, 
2L, 4L), .Dimnames = structure(list(Pop = c("High", "Low"), Vaccinated = c("Vacc", 
"nonVacc"), Std.vs.DIVA = c("--", "+-", "-+", "++")), .Names = c("Pop", 
"Vaccinated", "Std.vs.DIVA")))
