structure(c(19323L, 19855L, 18871L, 19778L, 165L, 39L, 266L, 
53L, 147L, 35L, 270L, 64L, 365L, 71L, 593L, 105L), .Dim = c(2L, 
2L, 4L), .Dimnames = structure(list(Pop = c("High", "Low"), Vaccinated = c("Vacc", 
"nonVacc"), Std.vs.DIVA = c("--", "+-", "-+", "++")), .Names = c("Pop", 
"Vaccinated", "Std.vs.DIVA")))
