structure(c(19297L, 19861L, 18883L, 19789L, 165L, 40L, 271L, 
50L, 190L, 41L, 247L, 57L, 348L, 58L, 599L, 104L), .Dim = c(2L, 
2L, 4L), .Dimnames = structure(list(Pop = c("High", "Low"), Vaccinated = c("Vacc", 
"nonVacc"), Std.vs.DIVA = c("--", "+-", "-+", "++")), .Names = c("Pop", 
"Vaccinated", "Std.vs.DIVA")))
