structure(c(21719L, 22326L, 21218L, 22250L, 174L, 43L, 315L, 
70L, 195L, 57L, 318L, 75L, 412L, 74L, 649L, 105L), .Dim = c(2L, 
2L, 4L), .Dimnames = structure(list(Pop = c("High", "Low"), Vaccinated = c("Vacc", 
"nonVacc"), Std.vs.DIVA = c("--", "+-", "-+", "++")), .Names = c("Pop", 
"Vaccinated", "Std.vs.DIVA")))
