structure(c(24139L, 24830L, 23601L, 24718L, 207L, 52L, 362L, 
83L, 223L, 53L, 318L, 66L, 431L, 65L, 719L, 133L), .Dim = c(2L, 
2L, 4L), .Dimnames = structure(list(Pop = c("High", "Low"), Vaccinated = c("Vacc", 
"nonVacc"), Std.vs.DIVA = c("--", "+-", "-+", "++")), .Names = c("Pop", 
"Vaccinated", "Std.vs.DIVA")))
