structure(c(24183L, 24865L, 23596L, 24759L, 181L, 41L, 318L, 
55L, 195L, 33L, 347L, 64L, 441L, 61L, 739L, 122L), .Dim = c(2L, 
2L, 4L), .Dimnames = structure(list(Pop = c("High", "Low"), Vaccinated = c("Vacc", 
"nonVacc"), Std.vs.DIVA = c("--", "+-", "-+", "++")), .Names = c("Pop", 
"Vaccinated", "Std.vs.DIVA")))
