structure(c(24153L, 24838L, 23648L, 24733L, 213L, 50L, 311L, 
79L, 214L, 41L, 316L, 69L, 420L, 71L, 725L, 119L), .Dim = c(2L, 
2L, 4L), .Dimnames = structure(list(Pop = c("High", "Low"), Vaccinated = c("Vacc", 
"nonVacc"), Std.vs.DIVA = c("--", "+-", "-+", "++")), .Names = c("Pop", 
"Vaccinated", "Std.vs.DIVA")))
