structure(c(21751L, 22323L, 21229L, 22238L, 173L, 51L, 314L, 
62L, 200L, 55L, 313L, 82L, 376L, 71L, 644L, 118L), .Dim = c(2L, 
2L, 4L), .Dimnames = structure(list(Pop = c("High", "Low"), Vaccinated = c("Vacc", 
"nonVacc"), Std.vs.DIVA = c("--", "+-", "-+", "++")), .Names = c("Pop", 
"Vaccinated", "Std.vs.DIVA")))
