structure(c(21710L, 22347L, 21256L, 22274L, 186L, 46L, 277L, 
64L, 178L, 40L, 281L, 57L, 426L, 67L, 686L, 105L), .Dim = c(2L, 
2L, 4L), .Dimnames = structure(list(Pop = c("High", "Low"), Vaccinated = c("Vacc", 
"nonVacc"), Std.vs.DIVA = c("--", "+-", "-+", "++")), .Names = c("Pop", 
"Vaccinated", "Std.vs.DIVA")))
