structure(c(16891L, 17365L, 16513L, 17303L, 154L, 36L, 252L, 
50L, 155L, 53L, 256L, 45L, 300L, 46L, 479L, 102L), .Dim = c(2L, 
2L, 4L), .Dimnames = structure(list(Pop = c("High", "Low"), Vaccinated = c("Vacc", 
"nonVacc"), Std.vs.DIVA = c("--", "+-", "-+", "++")), .Names = c("Pop", 
"Vaccinated", "Std.vs.DIVA")))
