structure(c(19306L, 19866L, 18907L, 19776L, 169L, 44L, 273L, 
65L, 167L, 41L, 259L, 58L, 358L, 49L, 561L, 101L), .Dim = c(2L, 
2L, 4L), .Dimnames = structure(list(Pop = c("High", "Low"), Vaccinated = c("Vacc", 
"nonVacc"), Std.vs.DIVA = c("--", "+-", "-+", "++")), .Names = c("Pop", 
"Vaccinated", "Std.vs.DIVA")))
