structure(c(21695L, 22325L, 21254L, 22263L, 200L, 44L, 316L, 
65L, 187L, 53L, 288L, 72L, 418L, 78L, 642L, 100L), .Dim = c(2L, 
2L, 4L), .Dimnames = structure(list(Pop = c("High", "Low"), Vaccinated = c("Vacc", 
"nonVacc"), Std.vs.DIVA = c("--", "+-", "-+", "++")), .Names = c("Pop", 
"Vaccinated", "Std.vs.DIVA")))
