structure(c(19327L, 19860L, 18865L, 19769L, 168L, 36L, 271L, 
59L, 143L, 38L, 292L, 61L, 362L, 66L, 572L, 111L), .Dim = c(2L, 
2L, 4L), .Dimnames = structure(list(Pop = c("High", "Low"), Vaccinated = c("Vacc", 
"nonVacc"), Std.vs.DIVA = c("--", "+-", "-+", "++")), .Names = c("Pop", 
"Vaccinated", "Std.vs.DIVA")))
