structure(c(24101L, 24827L, 23505L, 24713L, 222L, 48L, 386L, 
81L, 219L, 60L, 347L, 79L, 458L, 65L, 762L, 127L), .Dim = c(2L, 
2L, 4L), .Dimnames = structure(list(Pop = c("High", "Low"), Vaccinated = c("Vacc", 
"nonVacc"), Std.vs.DIVA = c("--", "+-", "-+", "++")), .Names = c("Pop", 
"Vaccinated", "Std.vs.DIVA")))
