structure(c(24162L, 24844L, 23656L, 24745L, 210L, 47L, 309L, 
67L, 207L, 41L, 311L, 68L, 421L, 68L, 724L, 120L), .Dim = c(2L, 
2L, 4L), .Dimnames = structure(list(Pop = c("High", "Low"), Vaccinated = c("Vacc", 
"nonVacc"), Std.vs.DIVA = c("--", "+-", "-+", "++")), .Names = c("Pop", 
"Vaccinated", "Std.vs.DIVA")))
