structure(c(19327L, 19875L, 18927L, 19795L, 159L, 37L, 265L, 
56L, 156L, 39L, 247L, 48L, 358L, 49L, 561L, 101L), .Dim = c(2L, 
2L, 4L), .Dimnames = structure(list(Pop = c("High", "Low"), Vaccinated = c("Vacc", 
"nonVacc"), Std.vs.DIVA = c("--", "+-", "-+", "++")), .Names = c("Pop", 
"Vaccinated", "Std.vs.DIVA")))
