structure(c(21745L, 22350L, 21243L, 22262L, 199L, 41L, 299L, 
63L, 162L, 47L, 294L, 67L, 394L, 62L, 664L, 108L), .Dim = c(2L, 
2L, 4L), .Dimnames = structure(list(Pop = c("High", "Low"), Vaccinated = c("Vacc", 
"nonVacc"), Std.vs.DIVA = c("--", "+-", "-+", "++")), .Names = c("Pop", 
"Vaccinated", "Std.vs.DIVA")))
