structure(c(24157L, 24841L, 23631L, 24724L, 202L, 47L, 361L, 
79L, 192L, 40L, 315L, 84L, 449L, 72L, 693L, 113L), .Dim = c(2L, 
2L, 4L), .Dimnames = structure(list(Pop = c("High", "Low"), Vaccinated = c("Vacc", 
"nonVacc"), Std.vs.DIVA = c("--", "+-", "-+", "++")), .Names = c("Pop", 
"Vaccinated", "Std.vs.DIVA")))
