structure(c(21711L, 22350L, 21263L, 22247L, 206L, 46L, 289L, 
73L, 178L, 37L, 312L, 55L, 405L, 67L, 636L, 125L), .Dim = c(2L, 
2L, 4L), .Dimnames = structure(list(Pop = c("High", "Low"), Vaccinated = c("Vacc", 
"nonVacc"), Std.vs.DIVA = c("--", "+-", "-+", "++")), .Names = c("Pop", 
"Vaccinated", "Std.vs.DIVA")))
