structure(c(24130L, 24823L, 23628L, 24773L, 186L, 38L, 348L, 
41L, 227L, 37L, 341L, 63L, 457L, 102L, 683L, 123L), .Dim = c(2L, 
2L, 4L), .Dimnames = structure(list(Pop = c("High", "Low"), Vaccinated = c("Vacc", 
"nonVacc"), Std.vs.DIVA = c("--", "+-", "-+", "++")), .Names = c("Pop", 
"Vaccinated", "Std.vs.DIVA")))
