structure(c(24126L, 24846L, 23525L, 24732L, 205L, 44L, 376L, 
69L, 211L, 47L, 336L, 71L, 458L, 63L, 763L, 128L), .Dim = c(2L, 
2L, 4L), .Dimnames = structure(list(Pop = c("High", "Low"), Vaccinated = c("Vacc", 
"nonVacc"), Std.vs.DIVA = c("--", "+-", "-+", "++")), .Names = c("Pop", 
"Vaccinated", "Std.vs.DIVA")))
