structure(c(24205L, 24803L, 23610L, 24712L, 208L, 64L, 310L, 
76L, 211L, 52L, 342L, 77L, 376L, 81L, 738L, 135L), .Dim = c(2L, 
2L, 4L), .Dimnames = structure(list(Pop = c("High", "Low"), Vaccinated = c("Vacc", 
"nonVacc"), Std.vs.DIVA = c("--", "+-", "-+", "++")), .Names = c("Pop", 
"Vaccinated", "Std.vs.DIVA")))
