structure(c(16903L, 17383L, 16522L, 17315L, 146L, 28L, 248L, 
39L, 153L, 41L, 251L, 45L, 298L, 48L, 479L, 101L), .Dim = c(2L, 
2L, 4L), .Dimnames = structure(list(Pop = c("High", "Low"), Vaccinated = c("Vacc", 
"nonVacc"), Std.vs.DIVA = c("--", "+-", "-+", "++")), .Names = c("Pop", 
"Vaccinated", "Std.vs.DIVA")))
