structure(c(24175L, 24859L, 23588L, 24751L, 192L, 37L, 318L, 
65L, 201L, 35L, 353L, 72L, 432L, 69L, 741L, 112L), .Dim = c(2L, 
2L, 4L), .Dimnames = structure(list(Pop = c("High", "Low"), Vaccinated = c("Vacc", 
"nonVacc"), Std.vs.DIVA = c("--", "+-", "-+", "++")), .Names = c("Pop", 
"Vaccinated", "Std.vs.DIVA")))
