structure(c(21740L, 22356L, 21313L, 22256L, 176L, 43L, 274L, 
67L, 185L, 52L, 300L, 64L, 399L, 49L, 613L, 113L), .Dim = c(2L, 
2L, 4L), .Dimnames = structure(list(Pop = c("High", "Low"), Vaccinated = c("Vacc", 
"nonVacc"), Std.vs.DIVA = c("--", "+-", "-+", "++")), .Names = c("Pop", 
"Vaccinated", "Std.vs.DIVA")))
