structure(c(19316L, 19853L, 18870L, 19775L, 172L, 42L, 267L, 
57L, 152L, 36L, 269L, 67L, 360L, 69L, 594L, 101L), .Dim = c(2L, 
2L, 4L), .Dimnames = structure(list(Pop = c("High", "Low"), Vaccinated = c("Vacc", 
"nonVacc"), Std.vs.DIVA = c("--", "+-", "-+", "++")), .Names = c("Pop", 
"Vaccinated", "Std.vs.DIVA")))
