structure(c(16924L, 17378L, 16477L, 17282L, 144L, 37L, 272L, 
47L, 144L, 37L, 237L, 57L, 288L, 48L, 514L, 114L), .Dim = c(2L, 
2L, 4L), .Dimnames = structure(list(Pop = c("High", "Low"), Vaccinated = c("Vacc", 
"nonVacc"), Std.vs.DIVA = c("--", "+-", "-+", "++")), .Names = c("Pop", 
"Vaccinated", "Std.vs.DIVA")))
