structure(c(21747L, 22337L, 21206L, 22255L, 198L, 58L, 334L, 
60L, 178L, 37L, 295L, 79L, 377L, 68L, 665L, 106L), .Dim = c(2L, 
2L, 4L), .Dimnames = structure(list(Pop = c("High", "Low"), Vaccinated = c("Vacc", 
"nonVacc"), Std.vs.DIVA = c("--", "+-", "-+", "++")), .Names = c("Pop", 
"Vaccinated", "Std.vs.DIVA")))
