structure(c(21678L, 22322L, 21239L, 22247L, 196L, 58L, 294L, 
64L, 191L, 48L, 292L, 72L, 435L, 72L, 675L, 117L), .Dim = c(2L, 
2L, 4L), .Dimnames = structure(list(Pop = c("High", "Low"), Vaccinated = c("Vacc", 
"nonVacc"), Std.vs.DIVA = c("--", "+-", "-+", "++")), .Names = c("Pop", 
"Vaccinated", "Std.vs.DIVA")))
