structure(c(24131L, 24838L, 23584L, 24735L, 194L, 41L, 340L, 
64L, 214L, 49L, 302L, 78L, 461L, 72L, 774L, 123L), .Dim = c(2L, 
2L, 4L), .Dimnames = structure(list(Pop = c("High", "Low"), Vaccinated = c("Vacc", 
"nonVacc"), Std.vs.DIVA = c("--", "+-", "-+", "++")), .Names = c("Pop", 
"Vaccinated", "Std.vs.DIVA")))
