structure(c(19341L, 19881L, 18870L, 19796L, 141L, 29L, 251L, 
54L, 176L, 32L, 256L, 49L, 342L, 58L, 623L, 101L), .Dim = c(2L, 
2L, 4L), .Dimnames = structure(list(Pop = c("High", "Low"), Vaccinated = c("Vacc", 
"nonVacc"), Std.vs.DIVA = c("--", "+-", "-+", "++")), .Names = c("Pop", 
"Vaccinated", "Std.vs.DIVA")))
