structure(c(16941L, 17378L, 16538L, 17281L, 132L, 34L, 221L, 
60L, 122L, 41L, 243L, 52L, 305L, 47L, 498L, 107L), .Dim = c(2L, 
2L, 4L), .Dimnames = structure(list(Pop = c("High", "Low"), Vaccinated = c("Vacc", 
"nonVacc"), Std.vs.DIVA = c("--", "+-", "-+", "++")), .Names = c("Pop", 
"Vaccinated", "Std.vs.DIVA")))
