structure(c(24163L, 24845L, 23635L, 24731L, 201L, 42L, 361L, 
74L, 188L, 41L, 312L, 81L, 448L, 72L, 692L, 114L), .Dim = c(2L, 
2L, 4L), .Dimnames = structure(list(Pop = c("High", "Low"), Vaccinated = c("Vacc", 
"nonVacc"), Std.vs.DIVA = c("--", "+-", "-+", "++")), .Names = c("Pop", 
"Vaccinated", "Std.vs.DIVA")))
