structure(c(21723L, 22330L, 21276L, 22233L, 173L, 44L, 286L, 
69L, 195L, 56L, 298L, 77L, 409L, 70L, 640L, 121L), .Dim = c(2L, 
2L, 4L), .Dimnames = structure(list(Pop = c("High", "Low"), Vaccinated = c("Vacc", 
"nonVacc"), Std.vs.DIVA = c("--", "+-", "-+", "++")), .Names = c("Pop", 
"Vaccinated", "Std.vs.DIVA")))
