structure(c(21744L, 22312L, 21226L, 22233L, 171L, 59L, 308L, 
67L, 206L, 56L, 316L, 87L, 379L, 73L, 650L, 113L), .Dim = c(2L, 
2L, 4L), .Dimnames = structure(list(Pop = c("High", "Low"), Vaccinated = c("Vacc", 
"nonVacc"), Std.vs.DIVA = c("--", "+-", "-+", "++")), .Names = c("Pop", 
"Vaccinated", "Std.vs.DIVA")))
