structure(c(21734L, 22368L, 21261L, 22270L, 181L, 28L, 297L, 
65L, 185L, 36L, 262L, 52L, 400L, 68L, 680L, 113L), .Dim = c(2L, 
2L, 4L), .Dimnames = structure(list(Pop = c("High", "Low"), Vaccinated = c("Vacc", 
"nonVacc"), Std.vs.DIVA = c("--", "+-", "-+", "++")), .Names = c("Pop", 
"Vaccinated", "Std.vs.DIVA")))
