structure(c(21762L, 22348L, 21276L, 22275L, 157L, 45L, 302L, 
60L, 172L, 41L, 278L, 59L, 409L, 66L, 644L, 106L), .Dim = c(2L, 
2L, 4L), .Dimnames = structure(list(Pop = c("High", "Low"), Vaccinated = c("Vacc", 
"nonVacc"), Std.vs.DIVA = c("--", "+-", "-+", "++")), .Names = c("Pop", 
"Vaccinated", "Std.vs.DIVA")))
