structure(c(24158L, 24842L, 23568L, 24723L, 198L, 47L, 330L, 
79L, 212L, 42L, 361L, 86L, 432L, 69L, 741L, 112L), .Dim = c(2L, 
2L, 4L), .Dimnames = structure(list(Pop = c("High", "Low"), Vaccinated = c("Vacc", 
"nonVacc"), Std.vs.DIVA = c("--", "+-", "-+", "++")), .Names = c("Pop", 
"Vaccinated", "Std.vs.DIVA")))
