structure(c(24137L, 24826L, 23588L, 24713L, 229L, 41L, 332L, 
88L, 193L, 47L, 336L, 71L, 441L, 86L, 744L, 128L), .Dim = c(2L, 
2L, 4L), .Dimnames = structure(list(Pop = c("High", "Low"), Vaccinated = c("Vacc", 
"nonVacc"), Std.vs.DIVA = c("--", "+-", "-+", "++")), .Names = c("Pop", 
"Vaccinated", "Std.vs.DIVA")))
