structure(c(21724L, 22331L, 21257L, 22239L, 200L, 42L, 311L, 
70L, 199L, 49L, 282L, 76L, 377L, 78L, 650L, 115L), .Dim = c(2L, 
2L, 4L), .Dimnames = structure(list(Pop = c("High", "Low"), Vaccinated = c("Vacc", 
"nonVacc"), Std.vs.DIVA = c("--", "+-", "-+", "++")), .Names = c("Pop", 
"Vaccinated", "Std.vs.DIVA")))
