structure(c(21715L, 22342L, 21273L, 22250L, 211L, 52L, 286L, 
76L, 180L, 45L, 305L, 59L, 394L, 61L, 636L, 115L), .Dim = c(2L, 
2L, 4L), .Dimnames = structure(list(Pop = c("High", "Low"), Vaccinated = c("Vacc", 
"nonVacc"), Std.vs.DIVA = c("--", "+-", "-+", "++")), .Names = c("Pop", 
"Vaccinated", "Std.vs.DIVA")))
