structure(c(24124L, 24841L, 23659L, 24749L, 210L, 55L, 293L, 
58L, 216L, 49L, 309L, 67L, 450L, 55L, 739L, 126L), .Dim = c(2L, 
2L, 4L), .Dimnames = structure(list(Pop = c("High", "Low"), Vaccinated = c("Vacc", 
"nonVacc"), Std.vs.DIVA = c("--", "+-", "-+", "++")), .Names = c("Pop", 
"Vaccinated", "Std.vs.DIVA")))
