structure(c(24143L, 24849L, 23597L, 24742L, 184L, 38L, 334L, 
59L, 208L, 42L, 295L, 74L, 465L, 71L, 774L, 125L), .Dim = c(2L, 
2L, 4L), .Dimnames = structure(list(Pop = c("High", "Low"), Vaccinated = c("Vacc", 
"nonVacc"), Std.vs.DIVA = c("--", "+-", "-+", "++")), .Names = c("Pop", 
"Vaccinated", "Std.vs.DIVA")))
