structure(c(21704L, 22349L, 21263L, 22266L, 180L, 42L, 285L, 
53L, 181L, 37L, 277L, 64L, 435L, 72L, 675L, 117L), .Dim = c(2L, 
2L, 4L), .Dimnames = structure(list(Pop = c("High", "Low"), Vaccinated = c("Vacc", 
"nonVacc"), Std.vs.DIVA = c("--", "+-", "-+", "++")), .Names = c("Pop", 
"Vaccinated", "Std.vs.DIVA")))
