structure(c(24147L, 24842L, 23608L, 24732L, 205L, 49L, 357L, 
76L, 216L, 48L, 316L, 59L, 432L, 61L, 719L, 133L), .Dim = c(2L, 
2L, 4L), .Dimnames = structure(list(Pop = c("High", "Low"), Vaccinated = c("Vacc", 
"nonVacc"), Std.vs.DIVA = c("--", "+-", "-+", "++")), .Names = c("Pop", 
"Vaccinated", "Std.vs.DIVA")))
