structure(c(24229L, 24829L, 23629L, 24738L, 193L, 49L, 300L, 
68L, 207L, 40L, 328L, 64L, 371L, 82L, 743L, 130L), .Dim = c(2L, 
2L, 4L), .Dimnames = structure(list(Pop = c("High", "Low"), Vaccinated = c("Vacc", 
"nonVacc"), Std.vs.DIVA = c("--", "+-", "-+", "++")), .Names = c("Pop", 
"Vaccinated", "Std.vs.DIVA")))
