structure(c(24124L, 24833L, 23572L, 24720L, 196L, 46L, 350L, 
71L, 215L, 52L, 304L, 84L, 465L, 69L, 774L, 125L), .Dim = c(2L, 
2L, 4L), .Dimnames = structure(list(Pop = c("High", "Low"), Vaccinated = c("Vacc", 
"nonVacc"), Std.vs.DIVA = c("--", "+-", "-+", "++")), .Names = c("Pop", 
"Vaccinated", "Std.vs.DIVA")))
