structure(c(19346L, 19895L, 18875L, 19822L, 145L, 32L, 284L, 
51L, 157L, 21L, 235L, 26L, 352L, 52L, 606L, 101L), .Dim = c(2L, 
2L, 4L), .Dimnames = structure(list(Pop = c("High", "Low"), Vaccinated = c("Vacc", 
"nonVacc"), Std.vs.DIVA = c("--", "+-", "-+", "++")), .Names = c("Pop", 
"Vaccinated", "Std.vs.DIVA")))
