structure(c(24142L, 24829L, 23593L, 24715L, 226L, 40L, 330L, 
87L, 191L, 45L, 333L, 70L, 441L, 86L, 744L, 128L), .Dim = c(2L, 
2L, 4L), .Dimnames = structure(list(Pop = c("High", "Low"), Vaccinated = c("Vacc", 
"nonVacc"), Std.vs.DIVA = c("--", "+-", "-+", "++")), .Names = c("Pop", 
"Vaccinated", "Std.vs.DIVA")))
