structure(c(21745L, 22359L, 21301L, 22269L, 163L, 29L, 274L, 
52L, 183L, 43L, 285L, 58L, 409L, 69L, 640L, 121L), .Dim = c(2L, 
2L, 4L), .Dimnames = structure(list(Pop = c("High", "Low"), Vaccinated = c("Vacc", 
"nonVacc"), Std.vs.DIVA = c("--", "+-", "-+", "++")), .Names = c("Pop", 
"Vaccinated", "Std.vs.DIVA")))
