structure(c(19321L, 19877L, 18883L, 19788L, 154L, 38L, 248L, 
49L, 183L, 29L, 223L, 52L, 342L, 56L, 646L, 111L), .Dim = c(2L, 
2L, 4L), .Dimnames = structure(list(Pop = c("High", "Low"), Vaccinated = c("Vacc", 
"nonVacc"), Std.vs.DIVA = c("--", "+-", "-+", "++")), .Names = c("Pop", 
"Vaccinated", "Std.vs.DIVA")))
