structure(c(24153L, 24830L, 23630L, 24731L, 185L, 45L, 328L, 
69L, 209L, 46L, 322L, 68L, 453L, 79L, 720L, 132L), .Dim = c(2L, 
2L, 4L), .Dimnames = structure(list(Pop = c("High", "Low"), Vaccinated = c("Vacc", 
"nonVacc"), Std.vs.DIVA = c("--", "+-", "-+", "++")), .Names = c("Pop", 
"Vaccinated", "Std.vs.DIVA")))
