structure(c(19341L, 19884L, 18870L, 19795L, 143L, 30L, 254L, 
52L, 168L, 33L, 253L, 51L, 348L, 53L, 623L, 102L), .Dim = c(2L, 
2L, 4L), .Dimnames = structure(list(Pop = c("High", "Low"), Vaccinated = c("Vacc", 
"nonVacc"), Std.vs.DIVA = c("--", "+-", "-+", "++")), .Names = c("Pop", 
"Vaccinated", "Std.vs.DIVA")))
