structure(c(21747L, 22335L, 21259L, 22270L, 167L, 59L, 314L, 
53L, 174L, 52L, 291L, 63L, 412L, 54L, 636L, 114L), .Dim = c(2L, 
2L, 4L), .Dimnames = structure(list(Pop = c("High", "Low"), Vaccinated = c("Vacc", 
"nonVacc"), Std.vs.DIVA = c("--", "+-", "-+", "++")), .Names = c("Pop", 
"Vaccinated", "Std.vs.DIVA")))
