structure(c(16921L, 17367L, 16466L, 17295L, 145L, 36L, 269L, 
50L, 149L, 44L, 241L, 54L, 285L, 53L, 524L, 101L), .Dim = c(2L, 
2L, 4L), .Dimnames = structure(list(Pop = c("High", "Low"), Vaccinated = c("Vacc", 
"nonVacc"), Std.vs.DIVA = c("--", "+-", "-+", "++")), .Names = c("Pop", 
"Vaccinated", "Std.vs.DIVA")))
