structure(c(24198L, 24834L, 23673L, 24760L, 201L, 39L, 289L, 
59L, 177L, 59L, 303L, 45L, 424L, 68L, 735L, 136L), .Dim = c(2L, 
2L, 4L), .Dimnames = structure(list(Pop = c("High", "Low"), Vaccinated = c("Vacc", 
"nonVacc"), Std.vs.DIVA = c("--", "+-", "-+", "++")), .Names = c("Pop", 
"Vaccinated", "Std.vs.DIVA")))
