structure(c(24131L, 24841L, 23669L, 24741L, 214L, 53L, 291L, 
56L, 218L, 41L, 303L, 79L, 437L, 65L, 737L, 124L), .Dim = c(2L, 
2L, 4L), .Dimnames = structure(list(Pop = c("High", "Low"), Vaccinated = c("Vacc", 
"nonVacc"), Std.vs.DIVA = c("--", "+-", "-+", "++")), .Names = c("Pop", 
"Vaccinated", "Std.vs.DIVA")))
