structure(c(21708L, 22312L, 21285L, 22243L, 185L, 49L, 288L, 
61L, 184L, 51L, 294L, 80L, 423L, 88L, 633L, 116L), .Dim = c(2L, 
2L, 4L), .Dimnames = structure(list(Pop = c("High", "Low"), Vaccinated = c("Vacc", 
"nonVacc"), Std.vs.DIVA = c("--", "+-", "-+", "++")), .Names = c("Pop", 
"Vaccinated", "Std.vs.DIVA")))
