structure(c(24162L, 24824L, 23566L, 24724L, 194L, 44L, 311L, 
77L, 202L, 44L, 332L, 75L, 442L, 88L, 791L, 124L), .Dim = c(2L, 
2L, 4L), .Dimnames = structure(list(Pop = c("High", "Low"), Vaccinated = c("Vacc", 
"nonVacc"), Std.vs.DIVA = c("--", "+-", "-+", "++")), .Names = c("Pop", 
"Vaccinated", "Std.vs.DIVA")))
