structure(c(24127L, 24818L, 23584L, 24736L, 214L, 49L, 334L, 
87L, 219L, 57L, 329L, 64L, 440L, 76L, 753L, 113L), .Dim = c(2L, 
2L, 4L), .Dimnames = structure(list(Pop = c("High", "Low"), Vaccinated = c("Vacc", 
"nonVacc"), Std.vs.DIVA = c("--", "+-", "-+", "++")), .Names = c("Pop", 
"Vaccinated", "Std.vs.DIVA")))
