structure(c(24196L, 24829L, 23671L, 24758L, 199L, 46L, 293L, 
60L, 183L, 52L, 296L, 51L, 422L, 73L, 740L, 131L), .Dim = c(2L, 
2L, 4L), .Dimnames = structure(list(Pop = c("High", "Low"), Vaccinated = c("Vacc", 
"nonVacc"), Std.vs.DIVA = c("--", "+-", "-+", "++")), .Names = c("Pop", 
"Vaccinated", "Std.vs.DIVA")))
