structure(c(21749L, 22315L, 21223L, 22235L, 175L, 56L, 314L, 
63L, 200L, 58L, 319L, 84L, 376L, 71L, 644L, 118L), .Dim = c(2L, 
2L, 4L), .Dimnames = structure(list(Pop = c("High", "Low"), Vaccinated = c("Vacc", 
"nonVacc"), Std.vs.DIVA = c("--", "+-", "-+", "++")), .Names = c("Pop", 
"Vaccinated", "Std.vs.DIVA")))
