structure(c(21750L, 22335L, 21262L, 22268L, 169L, 50L, 309L, 
64L, 171L, 43L, 290L, 59L, 410L, 72L, 639L, 109L), .Dim = c(2L, 
2L, 4L), .Dimnames = structure(list(Pop = c("High", "Low"), Vaccinated = c("Vacc", 
"nonVacc"), Std.vs.DIVA = c("--", "+-", "-+", "++")), .Names = c("Pop", 
"Vaccinated", "Std.vs.DIVA")))
