structure(c(21743L, 22371L, 21312L, 22263L, 181L, 30L, 278L, 
64L, 191L, 41L, 261L, 52L, 385L, 58L, 649L, 121L), .Dim = c(2L, 
2L, 4L), .Dimnames = structure(list(Pop = c("High", "Low"), Vaccinated = c("Vacc", 
"nonVacc"), Std.vs.DIVA = c("--", "+-", "-+", "++")), .Names = c("Pop", 
"Vaccinated", "Std.vs.DIVA")))
