structure(c(21758L, 22343L, 21209L, 22266L, 203L, 42L, 332L, 
53L, 175L, 36L, 293L, 78L, 364L, 79L, 666L, 103L), .Dim = c(2L, 
2L, 4L), .Dimnames = structure(list(Pop = c("High", "Low"), Vaccinated = c("Vacc", 
"nonVacc"), Std.vs.DIVA = c("--", "+-", "-+", "++")), .Names = c("Pop", 
"Vaccinated", "Std.vs.DIVA")))
