structure(c(19321L, 19874L, 18862L, 19799L, 156L, 41L, 291L, 
56L, 171L, 32L, 244L, 45L, 352L, 53L, 603L, 100L), .Dim = c(2L, 
2L, 4L), .Dimnames = structure(list(Pop = c("High", "Low"), Vaccinated = c("Vacc", 
"nonVacc"), Std.vs.DIVA = c("--", "+-", "-+", "++")), .Names = c("Pop", 
"Vaccinated", "Std.vs.DIVA")))
