structure(c(21725L, 22330L, 21262L, 22235L, 199L, 50L, 309L, 
67L, 200L, 48L, 275L, 84L, 376L, 72L, 654L, 114L), .Dim = c(2L, 
2L, 4L), .Dimnames = structure(list(Pop = c("High", "Low"), Vaccinated = c("Vacc", 
"nonVacc"), Std.vs.DIVA = c("--", "+-", "-+", "++")), .Names = c("Pop", 
"Vaccinated", "Std.vs.DIVA")))
