structure(c(24195L, 24829L, 23670L, 24757L, 204L, 43L, 292L, 
61L, 177L, 60L, 303L, 46L, 424L, 68L, 735L, 136L), .Dim = c(2L, 
2L, 4L), .Dimnames = structure(list(Pop = c("High", "Low"), Vaccinated = c("Vacc", 
"nonVacc"), Std.vs.DIVA = c("--", "+-", "-+", "++")), .Names = c("Pop", 
"Vaccinated", "Std.vs.DIVA")))
