structure(c(24144L, 24849L, 23678L, 24749L, 207L, 48L, 286L, 
53L, 212L, 38L, 299L, 74L, 437L, 65L, 737L, 124L), .Dim = c(2L, 
2L, 4L), .Dimnames = structure(list(Pop = c("High", "Low"), Vaccinated = c("Vacc", 
"nonVacc"), Std.vs.DIVA = c("--", "+-", "-+", "++")), .Names = c("Pop", 
"Vaccinated", "Std.vs.DIVA")))
