structure(c(21708L, 22340L, 21254L, 22238L, 207L, 53L, 292L, 
77L, 180L, 40L, 318L, 60L, 405L, 67L, 636L, 125L), .Dim = c(2L, 
2L, 4L), .Dimnames = structure(list(Pop = c("High", "Low"), Vaccinated = c("Vacc", 
"nonVacc"), Std.vs.DIVA = c("--", "+-", "-+", "++")), .Names = c("Pop", 
"Vaccinated", "Std.vs.DIVA")))
