structure(c(19310L, 19869L, 18874L, 19781L, 156L, 41L, 255L, 
57L, 186L, 37L, 229L, 53L, 348L, 53L, 642L, 109L), .Dim = c(2L, 
2L, 4L), .Dimnames = structure(list(Pop = c("High", "Low"), Vaccinated = c("Vacc", 
"nonVacc"), Std.vs.DIVA = c("--", "+-", "-+", "++")), .Names = c("Pop", 
"Vaccinated", "Std.vs.DIVA")))
