structure(c(21697L, 22331L, 21259L, 22267L, 199L, 41L, 312L, 
63L, 186L, 50L, 287L, 70L, 418L, 78L, 642L, 100L), .Dim = c(2L, 
2L, 4L), .Dimnames = structure(list(Pop = c("High", "Low"), Vaccinated = c("Vacc", 
"nonVacc"), Std.vs.DIVA = c("--", "+-", "-+", "++")), .Names = c("Pop", 
"Vaccinated", "Std.vs.DIVA")))
