structure(c(21733L, 22362L, 21274L, 22262L, 194L, 32L, 304L, 
66L, 196L, 28L, 272L, 57L, 377L, 78L, 650L, 115L), .Dim = c(2L, 
2L, 4L), .Dimnames = structure(list(Pop = c("High", "Low"), Vaccinated = c("Vacc", 
"nonVacc"), Std.vs.DIVA = c("--", "+-", "-+", "++")), .Names = c("Pop", 
"Vaccinated", "Std.vs.DIVA")))
