structure(c(21703L, 22307L, 21285L, 22234L, 187L, 51L, 288L, 
66L, 187L, 54L, 294L, 84L, 423L, 88L, 633L, 116L), .Dim = c(2L, 
2L, 4L), .Dimnames = structure(list(Pop = c("High", "Low"), Vaccinated = c("Vacc", 
"nonVacc"), Std.vs.DIVA = c("--", "+-", "-+", "++")), .Names = c("Pop", 
"Vaccinated", "Std.vs.DIVA")))
