structure(c(24163L, 24805L, 23643L, 24745L, 219L, 61L, 302L, 
68L, 198L, 63L, 318L, 56L, 420L, 71L, 737L, 131L), .Dim = c(2L, 
2L, 4L), .Dimnames = structure(list(Pop = c("High", "Low"), Vaccinated = c("Vacc", 
"nonVacc"), Std.vs.DIVA = c("--", "+-", "-+", "++")), .Names = c("Pop", 
"Vaccinated", "Std.vs.DIVA")))
