structure(c(16937L, 17379L, 16512L, 17313L, 134L, 31L, 230L, 
41L, 141L, 37L, 233L, 43L, 288L, 53L, 525L, 103L), .Dim = c(2L, 
2L, 4L), .Dimnames = structure(list(Pop = c("High", "Low"), Vaccinated = c("Vacc", 
"nonVacc"), Std.vs.DIVA = c("--", "+-", "-+", "++")), .Names = c("Pop", 
"Vaccinated", "Std.vs.DIVA")))
