structure(c(24233L, 24837L, 23632L, 24747L, 191L, 46L, 299L, 
65L, 205L, 35L, 326L, 58L, 371L, 82L, 743L, 130L), .Dim = c(2L, 
2L, 4L), .Dimnames = structure(list(Pop = c("High", "Low"), Vaccinated = c("Vacc", 
"nonVacc"), Std.vs.DIVA = c("--", "+-", "-+", "++")), .Names = c("Pop", 
"Vaccinated", "Std.vs.DIVA")))
