structure(c(24175L, 24845L, 23632L, 24759L, 193L, 41L, 295L, 
71L, 191L, 41L, 321L, 64L, 441L, 73L, 752L, 106L), .Dim = c(2L, 
2L, 4L), .Dimnames = structure(list(Pop = c("High", "Low"), Vaccinated = c("Vacc", 
"nonVacc"), Std.vs.DIVA = c("--", "+-", "-+", "++")), .Names = c("Pop", 
"Vaccinated", "Std.vs.DIVA")))
