structure(c(21758L, 22364L, 21259L, 22283L, 180L, 51L, 311L, 
46L, 176L, 35L, 254L, 68L, 386L, 50L, 676L, 103L), .Dim = c(2L, 
2L, 4L), .Dimnames = structure(list(Pop = c("High", "Low"), Vaccinated = c("Vacc", 
"nonVacc"), Std.vs.DIVA = c("--", "+-", "-+", "++")), .Names = c("Pop", 
"Vaccinated", "Std.vs.DIVA")))
