structure(c(24112L, 24825L, 23658L, 24730L, 224L, 61L, 298L, 
62L, 227L, 49L, 307L, 84L, 437L, 65L, 737L, 124L), .Dim = c(2L, 
2L, 4L), .Dimnames = structure(list(Pop = c("High", "Low"), Vaccinated = c("Vacc", 
"nonVacc"), Std.vs.DIVA = c("--", "+-", "-+", "++")), .Names = c("Pop", 
"Vaccinated", "Std.vs.DIVA")))
