structure(c(19333L, 19857L, 18838L, 19781L, 157L, 37L, 254L, 
55L, 157L, 44L, 300L, 59L, 353L, 62L, 608L, 105L), .Dim = c(2L, 
2L, 4L), .Dimnames = structure(list(Pop = c("High", "Low"), Vaccinated = c("Vacc", 
"nonVacc"), Std.vs.DIVA = c("--", "+-", "-+", "++")), .Names = c("Pop", 
"Vaccinated", "Std.vs.DIVA")))
