structure(c(16922L, 17386L, 16534L, 17298L, 142L, 29L, 238L, 
46L, 135L, 27L, 235L, 45L, 301L, 58L, 493L, 111L), .Dim = c(2L, 
2L, 4L), .Dimnames = structure(list(Pop = c("High", "Low"), Vaccinated = c("Vacc", 
"nonVacc"), Std.vs.DIVA = c("--", "+-", "-+", "++")), .Names = c("Pop", 
"Vaccinated", "Std.vs.DIVA")))
