structure(c(16938L, 17373L, 16532L, 17279L, 129L, 32L, 228L, 
61L, 121L, 48L, 242L, 53L, 312L, 47L, 498L, 107L), .Dim = c(2L, 
2L, 4L), .Dimnames = structure(list(Pop = c("High", "Low"), Vaccinated = c("Vacc", 
"nonVacc"), Std.vs.DIVA = c("--", "+-", "-+", "++")), .Names = c("Pop", 
"Vaccinated", "Std.vs.DIVA")))
