structure(c(19310L, 19862L, 18843L, 19767L, 161L, 42L, 267L, 
68L, 187L, 38L, 266L, 64L, 342L, 58L, 624L, 101L), .Dim = c(2L, 
2L, 4L), .Dimnames = structure(list(Pop = c("High", "Low"), Vaccinated = c("Vacc", 
"nonVacc"), Std.vs.DIVA = c("--", "+-", "-+", "++")), .Names = c("Pop", 
"Vaccinated", "Std.vs.DIVA")))
