structure(c(24113L, 24839L, 23612L, 24715L, 228L, 38L, 345L, 
79L, 211L, 52L, 329L, 58L, 448L, 71L, 714L, 148L), .Dim = c(2L, 
2L, 4L), .Dimnames = structure(list(Pop = c("High", "Low"), Vaccinated = c("Vacc", 
"nonVacc"), Std.vs.DIVA = c("--", "+-", "-+", "++")), .Names = c("Pop", 
"Vaccinated", "Std.vs.DIVA")))
