structure(c(24191L, 24827L, 23667L, 24757L, 207L, 45L, 292L, 
62L, 182L, 57L, 304L, 51L, 420L, 71L, 737L, 130L), .Dim = c(2L, 
2L, 4L), .Dimnames = structure(list(Pop = c("High", "Low"), Vaccinated = c("Vacc", 
"nonVacc"), Std.vs.DIVA = c("--", "+-", "-+", "++")), .Names = c("Pop", 
"Vaccinated", "Std.vs.DIVA")))
