structure(c(21716L, 22355L, 21248L, 22262L, 187L, 37L, 306L, 
64L, 192L, 45L, 269L, 62L, 405L, 63L, 677L, 112L), .Dim = c(2L, 
2L, 4L), .Dimnames = structure(list(Pop = c("High", "Low"), Vaccinated = c("Vacc", 
"nonVacc"), Std.vs.DIVA = c("--", "+-", "-+", "++")), .Names = c("Pop", 
"Vaccinated", "Std.vs.DIVA")))
