structure(c(24105L, 24820L, 23600L, 24764L, 204L, 43L, 358L, 
46L, 232L, 46L, 355L, 79L, 459L, 91L, 687L, 111L), .Dim = c(2L, 
2L, 4L), .Dimnames = structure(list(Pop = c("High", "Low"), Vaccinated = c("Vacc", 
"nonVacc"), Std.vs.DIVA = c("--", "+-", "-+", "++")), .Names = c("Pop", 
"Vaccinated", "Std.vs.DIVA")))
