structure(c(24117L, 24827L, 23617L, 24746L, 203L, 41L, 297L, 
78L, 225L, 54L, 336L, 69L, 455L, 78L, 750L, 107L), .Dim = c(2L, 
2L, 4L), .Dimnames = structure(list(Pop = c("High", "Low"), Vaccinated = c("Vacc", 
"nonVacc"), Std.vs.DIVA = c("--", "+-", "-+", "++")), .Names = c("Pop", 
"Vaccinated", "Std.vs.DIVA")))
