structure(c(19297L, 19868L, 18852L, 19799L, 187L, 44L, 295L, 
45L, 167L, 35L, 277L, 52L, 349L, 53L, 576L, 104L), .Dim = c(2L, 
2L, 4L), .Dimnames = structure(list(Pop = c("High", "Low"), Vaccinated = c("Vacc", 
"nonVacc"), Std.vs.DIVA = c("--", "+-", "-+", "++")), .Names = c("Pop", 
"Vaccinated", "Std.vs.DIVA")))
