structure(c(24164L, 24857L, 23584L, 24743L, 189L, 41L, 324L, 
66L, 210L, 36L, 351L, 77L, 437L, 66L, 741L, 114L), .Dim = c(2L, 
2L, 4L), .Dimnames = structure(list(Pop = c("High", "Low"), Vaccinated = c("Vacc", 
"nonVacc"), Std.vs.DIVA = c("--", "+-", "-+", "++")), .Names = c("Pop", 
"Vaccinated", "Std.vs.DIVA")))
