structure(c(24117L, 24802L, 23607L, 24702L, 206L, 54L, 335L, 
90L, 230L, 54L, 333L, 76L, 447L, 90L, 725L, 132L), .Dim = c(2L, 
2L, 4L), .Dimnames = structure(list(Pop = c("High", "Low"), Vaccinated = c("Vacc", 
"nonVacc"), Std.vs.DIVA = c("--", "+-", "-+", "++")), .Names = c("Pop", 
"Vaccinated", "Std.vs.DIVA")))
