structure(c(24169L, 24847L, 23660L, 24749L, 206L, 41L, 301L, 
70L, 205L, 41L, 314L, 62L, 420L, 71L, 725L, 119L), .Dim = c(2L, 
2L, 4L), .Dimnames = structure(list(Pop = c("High", "Low"), Vaccinated = c("Vacc", 
"nonVacc"), Std.vs.DIVA = c("--", "+-", "-+", "++")), .Names = c("Pop", 
"Vaccinated", "Std.vs.DIVA")))
