structure(c(16895L, 17382L, 16572L, 17315L, 139L, 22L, 237L, 
41L, 143L, 40L, 225L, 41L, 323L, 56L, 466L, 103L), .Dim = c(2L, 
2L, 4L), .Dimnames = structure(list(Pop = c("High", "Low"), Vaccinated = c("Vacc", 
"nonVacc"), Std.vs.DIVA = c("--", "+-", "-+", "++")), .Names = c("Pop", 
"Vaccinated", "Std.vs.DIVA")))
