structure(c(21700L, 22333L, 21240L, 22263L, 193L, 53L, 281L, 
70L, 181L, 47L, 293L, 62L, 426L, 67L, 686L, 105L), .Dim = c(2L, 
2L, 4L), .Dimnames = structure(list(Pop = c("High", "Low"), Vaccinated = c("Vacc", 
"nonVacc"), Std.vs.DIVA = c("--", "+-", "-+", "++")), .Names = c("Pop", 
"Vaccinated", "Std.vs.DIVA")))
