structure(c(19284L, 19871L, 18885L, 19778L, 181L, 49L, 275L, 
57L, 187L, 34L, 260L, 61L, 348L, 46L, 580L, 104L), .Dim = c(2L, 
2L, 4L), .Dimnames = structure(list(Pop = c("High", "Low"), Vaccinated = c("Vacc", 
"nonVacc"), Std.vs.DIVA = c("--", "+-", "-+", "++")), .Names = c("Pop", 
"Vaccinated", "Std.vs.DIVA")))
