structure(c(21689L, 22327L, 21238L, 22248L, 196L, 55L, 291L, 
70L, 185L, 46L, 292L, 69L, 430L, 72L, 679L, 113L), .Dim = c(2L, 
2L, 4L), .Dimnames = structure(list(Pop = c("High", "Low"), Vaccinated = c("Vacc", 
"nonVacc"), Std.vs.DIVA = c("--", "+-", "-+", "++")), .Names = c("Pop", 
"Vaccinated", "Std.vs.DIVA")))
