structure(c(19316L, 19867L, 18853L, 19772L, 161L, 42L, 265L, 
61L, 175L, 38L, 258L, 65L, 348L, 53L, 624L, 102L), .Dim = c(2L, 
2L, 4L), .Dimnames = structure(list(Pop = c("High", "Low"), Vaccinated = c("Vacc", 
"nonVacc"), Std.vs.DIVA = c("--", "+-", "-+", "++")), .Names = c("Pop", 
"Vaccinated", "Std.vs.DIVA")))
