structure(c(21695L, 22333L, 21246L, 22251L, 193L, 52L, 285L, 
68L, 182L, 43L, 290L, 68L, 430L, 72L, 679L, 113L), .Dim = c(2L, 
2L, 4L), .Dimnames = structure(list(Pop = c("High", "Low"), Vaccinated = c("Vacc", 
"nonVacc"), Std.vs.DIVA = c("--", "+-", "-+", "++")), .Names = c("Pop", 
"Vaccinated", "Std.vs.DIVA")))
