structure(c(24174L, 24845L, 23632L, 24758L, 194L, 41L, 297L, 
69L, 192L, 41L, 320L, 65L, 440L, 73L, 751L, 108L), .Dim = c(2L, 
2L, 4L), .Dimnames = structure(list(Pop = c("High", "Low"), Vaccinated = c("Vacc", 
"nonVacc"), Std.vs.DIVA = c("--", "+-", "-+", "++")), .Names = c("Pop", 
"Vaccinated", "Std.vs.DIVA")))
