structure(c(24122L, 24822L, 23620L, 24771L, 190L, 38L, 352L, 
41L, 231L, 38L, 345L, 65L, 457L, 102L, 683L, 123L), .Dim = c(2L, 
2L, 4L), .Dimnames = structure(list(Pop = c("High", "Low"), Vaccinated = c("Vacc", 
"nonVacc"), Std.vs.DIVA = c("--", "+-", "-+", "++")), .Names = c("Pop", 
"Vaccinated", "Std.vs.DIVA")))
