structure(c(16927L, 17366L, 16492L, 17304L, 135L, 37L, 233L, 
46L, 147L, 49L, 249L, 44L, 291L, 48L, 526L, 106L), .Dim = c(2L, 
2L, 4L), .Dimnames = structure(list(Pop = c("High", "Low"), Vaccinated = c("Vacc", 
"nonVacc"), Std.vs.DIVA = c("--", "+-", "-+", "++")), .Names = c("Pop", 
"Vaccinated", "Std.vs.DIVA")))
