structure(c(21727L, 22335L, 21225L, 22255L, 170L, 40L, 309L, 
67L, 191L, 51L, 317L, 73L, 412L, 74L, 649L, 105L), .Dim = c(2L, 
2L, 4L), .Dimnames = structure(list(Pop = c("High", "Low"), Vaccinated = c("Vacc", 
"nonVacc"), Std.vs.DIVA = c("--", "+-", "-+", "++")), .Names = c("Pop", 
"Vaccinated", "Std.vs.DIVA")))
