structure(c(24167L, 24809L, 23649L, 24744L, 218L, 57L, 299L, 
67L, 191L, 66L, 317L, 52L, 424L, 68L, 735L, 137L), .Dim = c(2L, 
2L, 4L), .Dimnames = structure(list(Pop = c("High", "Low"), Vaccinated = c("Vacc", 
"nonVacc"), Std.vs.DIVA = c("--", "+-", "-+", "++")), .Names = c("Pop", 
"Vaccinated", "Std.vs.DIVA")))
