structure(c(21707L, 22311L, 21289L, 22241L, 193L, 43L, 287L, 
61L, 184L, 52L, 297L, 83L, 416L, 94L, 627L, 115L), .Dim = c(2L, 
2L, 4L), .Dimnames = structure(list(Pop = c("High", "Low"), Vaccinated = c("Vacc", 
"nonVacc"), Std.vs.DIVA = c("--", "+-", "-+", "++")), .Names = c("Pop", 
"Vaccinated", "Std.vs.DIVA")))
