structure(c(21709L, 22336L, 21260L, 22239L, 206L, 58L, 295L, 
74L, 184L, 41L, 314L, 62L, 401L, 65L, 631L, 125L), .Dim = c(2L, 
2L, 4L), .Dimnames = structure(list(Pop = c("High", "Low"), Vaccinated = c("Vacc", 
"nonVacc"), Std.vs.DIVA = c("--", "+-", "-+", "++")), .Names = c("Pop", 
"Vaccinated", "Std.vs.DIVA")))
