structure(c(21765L, 22366L, 21267L, 22279L, 187L, 33L, 287L, 
57L, 154L, 39L, 283L, 56L, 394L, 62L, 663L, 108L), .Dim = c(2L, 
2L, 4L), .Dimnames = structure(list(Pop = c("High", "Low"), Vaccinated = c("Vacc", 
"nonVacc"), Std.vs.DIVA = c("--", "+-", "-+", "++")), .Names = c("Pop", 
"Vaccinated", "Std.vs.DIVA")))
