structure(c(24157L, 24812L, 23573L, 24724L, 196L, 58L, 355L, 
84L, 236L, 57L, 339L, 63L, 411L, 73L, 733L, 129L), .Dim = c(2L, 
2L, 4L), .Dimnames = structure(list(Pop = c("High", "Low"), Vaccinated = c("Vacc", 
"nonVacc"), Std.vs.DIVA = c("--", "+-", "-+", "++")), .Names = c("Pop", 
"Vaccinated", "Std.vs.DIVA")))
