structure(c(24206L, 24803L, 23611L, 24710L, 206L, 62L, 307L, 
85L, 217L, 53L, 339L, 75L, 371L, 82L, 743L, 130L), .Dim = c(2L, 
2L, 4L), .Dimnames = structure(list(Pop = c("High", "Low"), Vaccinated = c("Vacc", 
"nonVacc"), Std.vs.DIVA = c("--", "+-", "-+", "++")), .Names = c("Pop", 
"Vaccinated", "Std.vs.DIVA")))
