structure(c(24153L, 24819L, 23559L, 24711L, 197L, 47L, 314L, 
87L, 207L, 48L, 336L, 80L, 443L, 86L, 791L, 122L), .Dim = c(2L, 
2L, 4L), .Dimnames = structure(list(Pop = c("High", "Low"), Vaccinated = c("Vacc", 
"nonVacc"), Std.vs.DIVA = c("--", "+-", "-+", "++")), .Names = c("Pop", 
"Vaccinated", "Std.vs.DIVA")))
