structure(c(21727L, 22338L, 21235L, 22251L, 187L, 38L, 302L, 
70L, 180L, 52L, 285L, 69L, 406L, 72L, 678L, 110L), .Dim = c(2L, 
2L, 4L), .Dimnames = structure(list(Pop = c("High", "Low"), Vaccinated = c("Vacc", 
"nonVacc"), Std.vs.DIVA = c("--", "+-", "-+", "++")), .Names = c("Pop", 
"Vaccinated", "Std.vs.DIVA")))
