structure(c(16897L, 17381L, 16520L, 17312L, 151L, 28L, 249L, 
41L, 154L, 41L, 249L, 47L, 298L, 50L, 482L, 100L), .Dim = c(2L, 
2L, 4L), .Dimnames = structure(list(Pop = c("High", "Low"), Vaccinated = c("Vacc", 
"nonVacc"), Std.vs.DIVA = c("--", "+-", "-+", "++")), .Names = c("Pop", 
"Vaccinated", "Std.vs.DIVA")))
