structure(c(21757L, 22345L, 21269L, 22274L, 161L, 46L, 304L, 
60L, 173L, 43L, 283L, 60L, 409L, 66L, 644L, 106L), .Dim = c(2L, 
2L, 4L), .Dimnames = structure(list(Pop = c("High", "Low"), Vaccinated = c("Vacc", 
"nonVacc"), Std.vs.DIVA = c("--", "+-", "-+", "++")), .Names = c("Pop", 
"Vaccinated", "Std.vs.DIVA")))
