structure(c(16907L, 17396L, 16538L, 17332L, 146L, 23L, 239L, 
30L, 149L, 31L, 241L, 38L, 298L, 50L, 482L, 100L), .Dim = c(2L, 
2L, 4L), .Dimnames = structure(list(Pop = c("High", "Low"), Vaccinated = c("Vacc", 
"nonVacc"), Std.vs.DIVA = c("--", "+-", "-+", "++")), .Names = c("Pop", 
"Vaccinated", "Std.vs.DIVA")))
