structure(c(21737L, 22347L, 21289L, 22253L, 166L, 36L, 281L, 
61L, 188L, 48L, 290L, 65L, 409L, 69L, 640L, 121L), .Dim = c(2L, 
2L, 4L), .Dimnames = structure(list(Pop = c("High", "Low"), Vaccinated = c("Vacc", 
"nonVacc"), Std.vs.DIVA = c("--", "+-", "-+", "++")), .Names = c("Pop", 
"Vaccinated", "Std.vs.DIVA")))
