structure(c(24163L, 24805L, 23563L, 24769L, 201L, 65L, 361L, 
65L, 209L, 49L, 343L, 54L, 427L, 81L, 733L, 112L), .Dim = c(2L, 
2L, 4L), .Dimnames = structure(list(Pop = c("High", "Low"), Vaccinated = c("Vacc", 
"nonVacc"), Std.vs.DIVA = c("--", "+-", "-+", "++")), .Names = c("Pop", 
"Vaccinated", "Std.vs.DIVA")))
