structure(c(19330L, 19866L, 18885L, 19787L, 160L, 32L, 258L, 
47L, 146L, 29L, 263L, 62L, 364L, 73L, 594L, 104L), .Dim = c(2L, 
2L, 4L), .Dimnames = structure(list(Pop = c("High", "Low"), Vaccinated = c("Vacc", 
"nonVacc"), Std.vs.DIVA = c("--", "+-", "-+", "++")), .Names = c("Pop", 
"Vaccinated", "Std.vs.DIVA")))
