structure(c(21713L, 22318L, 21288L, 22249L, 184L, 47L, 286L, 
58L, 180L, 47L, 293L, 77L, 423L, 88L, 633L, 116L), .Dim = c(2L, 
2L, 4L), .Dimnames = structure(list(Pop = c("High", "Low"), Vaccinated = c("Vacc", 
"nonVacc"), Std.vs.DIVA = c("--", "+-", "-+", "++")), .Names = c("Pop", 
"Vaccinated", "Std.vs.DIVA")))
