structure(c(21730L, 22342L, 21303L, 22251L, 175L, 55L, 281L, 
66L, 191L, 59L, 305L, 64L, 404L, 44L, 611L, 119L), .Dim = c(2L, 
2L, 4L), .Dimnames = structure(list(Pop = c("High", "Low"), Vaccinated = c("Vacc", 
"nonVacc"), Std.vs.DIVA = c("--", "+-", "-+", "++")), .Names = c("Pop", 
"Vaccinated", "Std.vs.DIVA")))
