structure(c(21716L, 22347L, 21270L, 22287L, 189L, 33L, 305L, 
56L, 177L, 42L, 283L, 57L, 418L, 78L, 642L, 100L), .Dim = c(2L, 
2L, 4L), .Dimnames = structure(list(Pop = c("High", "Low"), Vaccinated = c("Vacc", 
"nonVacc"), Std.vs.DIVA = c("--", "+-", "-+", "++")), .Names = c("Pop", 
"Vaccinated", "Std.vs.DIVA")))
