structure(c(21731L, 22339L, 21233L, 22253L, 184L, 44L, 308L, 
60L, 175L, 55L, 280L, 74L, 410L, 62L, 679L, 113L), .Dim = c(2L, 
2L, 4L), .Dimnames = structure(list(Pop = c("High", "Low"), Vaccinated = c("Vacc", 
"nonVacc"), Std.vs.DIVA = c("--", "+-", "-+", "++")), .Names = c("Pop", 
"Vaccinated", "Std.vs.DIVA")))
