structure(c(19316L, 19880L, 18898L, 19809L, 158L, 31L, 263L, 
40L, 178L, 31L, 240L, 47L, 348L, 58L, 599L, 104L), .Dim = c(2L, 
2L, 4L), .Dimnames = structure(list(Pop = c("High", "Low"), Vaccinated = c("Vacc", 
"nonVacc"), Std.vs.DIVA = c("--", "+-", "-+", "++")), .Names = c("Pop", 
"Vaccinated", "Std.vs.DIVA")))
