structure(c(21726L, 22337L, 21222L, 22231L, 184L, 49L, 325L, 
73L, 185L, 59L, 325L, 87L, 405L, 55L, 628L, 109L), .Dim = c(2L, 
2L, 4L), .Dimnames = structure(list(Pop = c("High", "Low"), Vaccinated = c("Vacc", 
"nonVacc"), Std.vs.DIVA = c("--", "+-", "-+", "++")), .Names = c("Pop", 
"Vaccinated", "Std.vs.DIVA")))
