structure(c(21732L, 22344L, 21233L, 22265L, 167L, 37L, 307L, 
62L, 189L, 45L, 311L, 68L, 412L, 74L, 649L, 105L), .Dim = c(2L, 
2L, 4L), .Dimnames = structure(list(Pop = c("High", "Low"), Vaccinated = c("Vacc", 
"nonVacc"), Std.vs.DIVA = c("--", "+-", "-+", "++")), .Names = c("Pop", 
"Vaccinated", "Std.vs.DIVA")))
