structure(c(24110L, 24820L, 23609L, 24765L, 201L, 41L, 357L, 
40L, 230L, 45L, 346L, 76L, 459L, 94L, 688L, 119L), .Dim = c(2L, 
2L, 4L), .Dimnames = structure(list(Pop = c("High", "Low"), Vaccinated = c("Vacc", 
"nonVacc"), Std.vs.DIVA = c("--", "+-", "-+", "++")), .Names = c("Pop", 
"Vaccinated", "Std.vs.DIVA")))
