structure(c(24123L, 24820L, 23585L, 24712L, 228L, 40L, 338L, 
89L, 198L, 57L, 336L, 82L, 451L, 83L, 741L, 117L), .Dim = c(2L, 
2L, 4L), .Dimnames = structure(list(Pop = c("High", "Low"), Vaccinated = c("Vacc", 
"nonVacc"), Std.vs.DIVA = c("--", "+-", "-+", "++")), .Names = c("Pop", 
"Vaccinated", "Std.vs.DIVA")))
