structure(c(19320L, 19865L, 18869L, 19769L, 163L, 32L, 271L, 
56L, 152L, 42L, 288L, 54L, 365L, 61L, 572L, 121L), .Dim = c(2L, 
2L, 4L), .Dimnames = structure(list(Pop = c("High", "Low"), Vaccinated = c("Vacc", 
"nonVacc"), Std.vs.DIVA = c("--", "+-", "-+", "++")), .Names = c("Pop", 
"Vaccinated", "Std.vs.DIVA")))
