structure(c(21739L, 22354L, 21242L, 22281L, 165L, 37L, 299L, 
58L, 185L, 42L, 310L, 53L, 411L, 67L, 649L, 108L), .Dim = c(2L, 
2L, 4L), .Dimnames = structure(list(Pop = c("High", "Low"), Vaccinated = c("Vacc", 
"nonVacc"), Std.vs.DIVA = c("--", "+-", "-+", "++")), .Names = c("Pop", 
"Vaccinated", "Std.vs.DIVA")))
