structure(c(21733L, 22365L, 21283L, 22255L, 192L, 39L, 278L, 
67L, 170L, 29L, 303L, 53L, 405L, 67L, 636L, 125L), .Dim = c(2L, 
2L, 4L), .Dimnames = structure(list(Pop = c("High", "Low"), Vaccinated = c("Vacc", 
"nonVacc"), Std.vs.DIVA = c("--", "+-", "-+", "++")), .Names = c("Pop", 
"Vaccinated", "Std.vs.DIVA")))
