structure(c(16900L, 17379L, 16520L, 17312L, 149L, 29L, 249L, 
41L, 153L, 44L, 252L, 46L, 298L, 48L, 479L, 101L), .Dim = c(2L, 
2L, 4L), .Dimnames = structure(list(Pop = c("High", "Low"), Vaccinated = c("Vacc", 
"nonVacc"), Std.vs.DIVA = c("--", "+-", "-+", "++")), .Names = c("Pop", 
"Vaccinated", "Std.vs.DIVA")))
