structure(c(24115L, 24825L, 23611L, 24771L, 199L, 39L, 354L, 
44L, 227L, 45L, 348L, 74L, 459L, 91L, 687L, 111L), .Dim = c(2L, 
2L, 4L), .Dimnames = structure(list(Pop = c("High", "Low"), Vaccinated = c("Vacc", 
"nonVacc"), Std.vs.DIVA = c("--", "+-", "-+", "++")), .Names = c("Pop", 
"Vaccinated", "Std.vs.DIVA")))
