structure(c(21743L, 22349L, 21243L, 22266L, 185L, 55L, 317L, 
53L, 186L, 46L, 264L, 78L, 386L, 50L, 676L, 103L), .Dim = c(2L, 
2L, 4L), .Dimnames = structure(list(Pop = c("High", "Low"), Vaccinated = c("Vacc", 
"nonVacc"), Std.vs.DIVA = c("--", "+-", "-+", "++")), .Names = c("Pop", 
"Vaccinated", "Std.vs.DIVA")))
