structure(c(24174L, 24836L, 23629L, 24755L, 195L, 45L, 295L, 
75L, 190L, 45L, 321L, 63L, 441L, 74L, 755L, 107L), .Dim = c(2L, 
2L, 4L), .Dimnames = structure(list(Pop = c("High", "Low"), Vaccinated = c("Vacc", 
"nonVacc"), Std.vs.DIVA = c("--", "+-", "-+", "++")), .Names = c("Pop", 
"Vaccinated", "Std.vs.DIVA")))
