structure(c(24097L, 24823L, 23595L, 24693L, 235L, 49L, 344L, 
98L, 216L, 58L, 335L, 66L, 452L, 70L, 726L, 143L), .Dim = c(2L, 
2L, 4L), .Dimnames = structure(list(Pop = c("High", "Low"), Vaccinated = c("Vacc", 
"nonVacc"), Std.vs.DIVA = c("--", "+-", "-+", "++")), .Names = c("Pop", 
"Vaccinated", "Std.vs.DIVA")))
