structure(c(21717L, 22325L, 21220L, 22238L, 192L, 45L, 309L, 
78L, 185L, 58L, 293L, 74L, 406L, 72L, 678L, 110L), .Dim = c(2L, 
2L, 4L), .Dimnames = structure(list(Pop = c("High", "Low"), Vaccinated = c("Vacc", 
"nonVacc"), Std.vs.DIVA = c("--", "+-", "-+", "++")), .Names = c("Pop", 
"Vaccinated", "Std.vs.DIVA")))
