structure(c(21748L, 22341L, 21264L, 22272L, 167L, 48L, 307L, 
61L, 176L, 45L, 285L, 61L, 409L, 66L, 644L, 106L), .Dim = c(2L, 
2L, 4L), .Dimnames = structure(list(Pop = c("High", "Low"), Vaccinated = c("Vacc", 
"nonVacc"), Std.vs.DIVA = c("--", "+-", "-+", "++")), .Names = c("Pop", 
"Vaccinated", "Std.vs.DIVA")))
