structure(c(24143L, 24835L, 23643L, 24731L, 220L, 55L, 316L, 
74L, 216L, 42L, 317L, 75L, 421L, 68L, 724L, 120L), .Dim = c(2L, 
2L, 4L), .Dimnames = structure(list(Pop = c("High", "Low"), Vaccinated = c("Vacc", 
"nonVacc"), Std.vs.DIVA = c("--", "+-", "-+", "++")), .Names = c("Pop", 
"Vaccinated", "Std.vs.DIVA")))
