structure(c(21740L, 22345L, 21239L, 22259L, 202L, 44L, 301L, 
64L, 164L, 49L, 296L, 69L, 394L, 62L, 664L, 108L), .Dim = c(2L, 
2L, 4L), .Dimnames = structure(list(Pop = c("High", "Low"), Vaccinated = c("Vacc", 
"nonVacc"), Std.vs.DIVA = c("--", "+-", "-+", "++")), .Names = c("Pop", 
"Vaccinated", "Std.vs.DIVA")))
