structure(c(24165L, 24827L, 23566L, 24728L, 194L, 44L, 310L, 
76L, 202L, 43L, 332L, 73L, 439L, 86L, 792L, 123L), .Dim = c(2L, 
2L, 4L), .Dimnames = structure(list(Pop = c("High", "Low"), Vaccinated = c("Vacc", 
"nonVacc"), Std.vs.DIVA = c("--", "+-", "-+", "++")), .Names = c("Pop", 
"Vaccinated", "Std.vs.DIVA")))
