structure(c(24116L, 24842L, 23520L, 24729L, 209L, 44L, 379L, 
70L, 217L, 51L, 338L, 73L, 458L, 63L, 763L, 128L), .Dim = c(2L, 
2L, 4L), .Dimnames = structure(list(Pop = c("High", "Low"), Vaccinated = c("Vacc", 
"nonVacc"), Std.vs.DIVA = c("--", "+-", "-+", "++")), .Names = c("Pop", 
"Vaccinated", "Std.vs.DIVA")))
