structure(c(19316L, 19839L, 18849L, 19751L, 174L, 50L, 277L, 
69L, 148L, 45L, 302L, 69L, 362L, 66L, 572L, 111L), .Dim = c(2L, 
2L, 4L), .Dimnames = structure(list(Pop = c("High", "Low"), Vaccinated = c("Vacc", 
"nonVacc"), Std.vs.DIVA = c("--", "+-", "-+", "++")), .Names = c("Pop", 
"Vaccinated", "Std.vs.DIVA")))
