structure(c(24156L, 24831L, 23603L, 24752L, 196L, 41L, 335L, 
70L, 209L, 53L, 330L, 53L, 439L, 75L, 732L, 125L), .Dim = c(2L, 
2L, 4L), .Dimnames = structure(list(Pop = c("High", "Low"), Vaccinated = c("Vacc", 
"nonVacc"), Std.vs.DIVA = c("--", "+-", "-+", "++")), .Names = c("Pop", 
"Vaccinated", "Std.vs.DIVA")))
