structure(c(21744L, 22360L, 21319L, 22258L, 168L, 45L, 274L, 
62L, 184L, 51L, 296L, 61L, 404L, 44L, 611L, 119L), .Dim = c(2L, 
2L, 4L), .Dimnames = structure(list(Pop = c("High", "Low"), Vaccinated = c("Vacc", 
"nonVacc"), Std.vs.DIVA = c("--", "+-", "-+", "++")), .Names = c("Pop", 
"Vaccinated", "Std.vs.DIVA")))
