structure(c(24131L, 24808L, 23617L, 24706L, 201L, 50L, 329L, 
88L, 221L, 52L, 329L, 74L, 447L, 90L, 725L, 132L), .Dim = c(2L, 
2L, 4L), .Dimnames = structure(list(Pop = c("High", "Low"), Vaccinated = c("Vacc", 
"nonVacc"), Std.vs.DIVA = c("--", "+-", "-+", "++")), .Names = c("Pop", 
"Vaccinated", "Std.vs.DIVA")))
