structure(c(24137L, 24840L, 23631L, 24766L, 193L, 36L, 289L, 
73L, 214L, 46L, 327L, 54L, 456L, 78L, 753L, 107L), .Dim = c(2L, 
2L, 4L), .Dimnames = structure(list(Pop = c("High", "Low"), Vaccinated = c("Vacc", 
"nonVacc"), Std.vs.DIVA = c("--", "+-", "-+", "++")), .Names = c("Pop", 
"Vaccinated", "Std.vs.DIVA")))
