structure(c(24140L, 24853L, 23673L, 24758L, 200L, 48L, 287L, 
54L, 210L, 44L, 301L, 62L, 450L, 55L, 739L, 126L), .Dim = c(2L, 
2L, 4L), .Dimnames = structure(list(Pop = c("High", "Low"), Vaccinated = c("Vacc", 
"nonVacc"), Std.vs.DIVA = c("--", "+-", "-+", "++")), .Names = c("Pop", 
"Vaccinated", "Std.vs.DIVA")))
