structure(c(24167L, 24811L, 23569L, 24775L, 203L, 61L, 358L, 
57L, 204L, 45L, 344L, 55L, 426L, 83L, 729L, 113L), .Dim = c(2L, 
2L, 4L), .Dimnames = structure(list(Pop = c("High", "Low"), Vaccinated = c("Vacc", 
"nonVacc"), Std.vs.DIVA = c("--", "+-", "-+", "++")), .Names = c("Pop", 
"Vaccinated", "Std.vs.DIVA")))
