structure(c(24165L, 24847L, 23660L, 24751L, 209L, 44L, 305L, 
63L, 205L, 41L, 311L, 66L, 421L, 68L, 724L, 120L), .Dim = c(2L, 
2L, 4L), .Dimnames = structure(list(Pop = c("High", "Low"), Vaccinated = c("Vacc", 
"nonVacc"), Std.vs.DIVA = c("--", "+-", "-+", "++")), .Names = c("Pop", 
"Vaccinated", "Std.vs.DIVA")))
