structure(c(24161L, 24846L, 23573L, 24731L, 196L, 44L, 327L, 
76L, 211L, 41L, 359L, 81L, 432L, 69L, 741L, 112L), .Dim = c(2L, 
2L, 4L), .Dimnames = structure(list(Pop = c("High", "Low"), Vaccinated = c("Vacc", 
"nonVacc"), Std.vs.DIVA = c("--", "+-", "-+", "++")), .Names = c("Pop", 
"Vaccinated", "Std.vs.DIVA")))
