structure(c(19331L, 19876L, 18933L, 19800L, 157L, 37L, 263L, 
53L, 154L, 38L, 243L, 46L, 358L, 49L, 561L, 101L), .Dim = c(2L, 
2L, 4L), .Dimnames = structure(list(Pop = c("High", "Low"), Vaccinated = c("Vacc", 
"nonVacc"), Std.vs.DIVA = c("--", "+-", "-+", "++")), .Names = c("Pop", 
"Vaccinated", "Std.vs.DIVA")))
