structure(c(19308L, 19876L, 18892L, 19804L, 163L, 33L, 266L, 
43L, 181L, 33L, 243L, 49L, 348L, 58L, 599L, 104L), .Dim = c(2L, 
2L, 4L), .Dimnames = structure(list(Pop = c("High", "Low"), Vaccinated = c("Vacc", 
"nonVacc"), Std.vs.DIVA = c("--", "+-", "-+", "++")), .Names = c("Pop", 
"Vaccinated", "Std.vs.DIVA")))
