structure(c(21764L, 22347L, 21274L, 22277L, 156L, 53L, 308L, 
50L, 168L, 46L, 282L, 59L, 412L, 54L, 636L, 114L), .Dim = c(2L, 
2L, 4L), .Dimnames = structure(list(Pop = c("High", "Low"), Vaccinated = c("Vacc", 
"nonVacc"), Std.vs.DIVA = c("--", "+-", "-+", "++")), .Names = c("Pop", 
"Vaccinated", "Std.vs.DIVA")))
