structure(c(24179L, 24828L, 23584L, 24777L, 197L, 55L, 352L, 
52L, 196L, 41L, 331L, 59L, 428L, 76L, 733L, 112L), .Dim = c(2L, 
2L, 4L), .Dimnames = structure(list(Pop = c("High", "Low"), Vaccinated = c("Vacc", 
"nonVacc"), Std.vs.DIVA = c("--", "+-", "-+", "++")), .Names = c("Pop", 
"Vaccinated", "Std.vs.DIVA")))
