structure(c(24108L, 24832L, 23609L, 24714L, 229L, 44L, 335L, 
89L, 211L, 54L, 330L, 54L, 452L, 70L, 726L, 143L), .Dim = c(2L, 
2L, 4L), .Dimnames = structure(list(Pop = c("High", "Low"), Vaccinated = c("Vacc", 
"nonVacc"), Std.vs.DIVA = c("--", "+-", "-+", "++")), .Names = c("Pop", 
"Vaccinated", "Std.vs.DIVA")))
