structure(c(21751L, 22372L, 21327L, 22268L, 164L, 41L, 270L, 
58L, 181L, 43L, 292L, 55L, 404L, 44L, 611L, 119L), .Dim = c(2L, 
2L, 4L), .Dimnames = structure(list(Pop = c("High", "Low"), Vaccinated = c("Vacc", 
"nonVacc"), Std.vs.DIVA = c("--", "+-", "-+", "++")), .Names = c("Pop", 
"Vaccinated", "Std.vs.DIVA")))
