structure(c(16901L, 17372L, 16520L, 17273L, 158L, 37L, 251L, 
52L, 145L, 38L, 241L, 58L, 296L, 53L, 488L, 117L), .Dim = c(2L, 
2L, 4L), .Dimnames = structure(list(Pop = c("High", "Low"), Vaccinated = c("Vacc", 
"nonVacc"), Std.vs.DIVA = c("--", "+-", "-+", "++")), .Names = c("Pop", 
"Vaccinated", "Std.vs.DIVA")))
