structure(c(21768L, 22353L, 21282L, 22277L, 157L, 40L, 300L, 
61L, 165L, 35L, 279L, 53L, 410L, 72L, 639L, 109L), .Dim = c(2L, 
2L, 4L), .Dimnames = structure(list(Pop = c("High", "Low"), Vaccinated = c("Vacc", 
"nonVacc"), Std.vs.DIVA = c("--", "+-", "-+", "++")), .Names = c("Pop", 
"Vaccinated", "Std.vs.DIVA")))
