structure(c(24177L, 24856L, 23665L, 24754L, 201L, 41L, 303L, 
62L, 201L, 35L, 308L, 64L, 421L, 68L, 724L, 120L), .Dim = c(2L, 
2L, 4L), .Dimnames = structure(list(Pop = c("High", "Low"), Vaccinated = c("Vacc", 
"nonVacc"), Std.vs.DIVA = c("--", "+-", "-+", "++")), .Names = c("Pop", 
"Vaccinated", "Std.vs.DIVA")))
