structure(c(21720L, 22351L, 21279L, 22254L, 209L, 49L, 283L, 
72L, 177L, 39L, 302L, 59L, 394L, 61L, 636L, 115L), .Dim = c(2L, 
2L, 4L), .Dimnames = structure(list(Pop = c("High", "Low"), Vaccinated = c("Vacc", 
"nonVacc"), Std.vs.DIVA = c("--", "+-", "-+", "++")), .Names = c("Pop", 
"Vaccinated", "Std.vs.DIVA")))
