structure(c(21719L, 22322L, 21294L, 22257L, 192L, 34L, 286L, 
52L, 180L, 52L, 291L, 77L, 409L, 92L, 629L, 114L), .Dim = c(2L, 
2L, 4L), .Dimnames = structure(list(Pop = c("High", "Low"), Vaccinated = c("Vacc", 
"nonVacc"), Std.vs.DIVA = c("--", "+-", "-+", "++")), .Names = c("Pop", 
"Vaccinated", "Std.vs.DIVA")))
