structure(c(21705L, 22342L, 21253L, 22259L, 185L, 46L, 282L, 
64L, 180L, 40L, 286L, 64L, 430L, 72L, 679L, 113L), .Dim = c(2L, 
2L, 4L), .Dimnames = structure(list(Pop = c("High", "Low"), Vaccinated = c("Vacc", 
"nonVacc"), Std.vs.DIVA = c("--", "+-", "-+", "++")), .Names = c("Pop", 
"Vaccinated", "Std.vs.DIVA")))
