structure(c(24143L, 24819L, 23597L, 24746L, 203L, 49L, 340L, 
74L, 215L, 57L, 331L, 55L, 439L, 75L, 732L, 125L), .Dim = c(2L, 
2L, 4L), .Dimnames = structure(list(Pop = c("High", "Low"), Vaccinated = c("Vacc", 
"nonVacc"), Std.vs.DIVA = c("--", "+-", "-+", "++")), .Names = c("Pop", 
"Vaccinated", "Std.vs.DIVA")))
