structure(c(21695L, 22338L, 21251L, 22259L, 187L, 48L, 288L, 
57L, 183L, 42L, 286L, 67L, 435L, 72L, 675L, 117L), .Dim = c(2L, 
2L, 4L), .Dimnames = structure(list(Pop = c("High", "Low"), Vaccinated = c("Vacc", 
"nonVacc"), Std.vs.DIVA = c("--", "+-", "-+", "++")), .Names = c("Pop", 
"Vaccinated", "Std.vs.DIVA")))
