structure(c(19304L, 19860L, 18879L, 19796L, 165L, 36L, 264L, 
51L, 184L, 41L, 251L, 52L, 347L, 63L, 606L, 101L), .Dim = c(2L, 
2L, 4L), .Dimnames = structure(list(Pop = c("High", "Low"), Vaccinated = c("Vacc", 
"nonVacc"), Std.vs.DIVA = c("--", "+-", "-+", "++")), .Names = c("Pop", 
"Vaccinated", "Std.vs.DIVA")))
