structure(c(21750L, 22355L, 21251L, 22272L, 183L, 54L, 315L, 
53L, 181L, 41L, 258L, 72L, 386L, 50L, 676L, 103L), .Dim = c(2L, 
2L, 4L), .Dimnames = structure(list(Pop = c("High", "Low"), Vaccinated = c("Vacc", 
"nonVacc"), Std.vs.DIVA = c("--", "+-", "-+", "++")), .Names = c("Pop", 
"Vaccinated", "Std.vs.DIVA")))
