structure(c(16926L, 17358L, 16492L, 17301L, 139L, 38L, 238L, 
46L, 147L, 51L, 245L, 50L, 288L, 53L, 525L, 103L), .Dim = c(2L, 
2L, 4L), .Dimnames = structure(list(Pop = c("High", "Low"), Vaccinated = c("Vacc", 
"nonVacc"), Std.vs.DIVA = c("--", "+-", "-+", "++")), .Names = c("Pop", 
"Vaccinated", "Std.vs.DIVA")))
