structure(c(21740L, 22358L, 21236L, 22237L, 182L, 41L, 315L, 
71L, 183L, 46L, 312L, 81L, 395L, 55L, 637L, 111L), .Dim = c(2L, 
2L, 4L), .Dimnames = structure(list(Pop = c("High", "Low"), Vaccinated = c("Vacc", 
"nonVacc"), Std.vs.DIVA = c("--", "+-", "-+", "++")), .Names = c("Pop", 
"Vaccinated", "Std.vs.DIVA")))
