structure(c(16915L, 17354L, 16484L, 17295L, 139L, 43L, 238L, 
49L, 155L, 55L, 252L, 50L, 291L, 48L, 526L, 106L), .Dim = c(2L, 
2L, 4L), .Dimnames = structure(list(Pop = c("High", "Low"), Vaccinated = c("Vacc", 
"nonVacc"), Std.vs.DIVA = c("--", "+-", "-+", "++")), .Names = c("Pop", 
"Vaccinated", "Std.vs.DIVA")))
