structure(c(24162L, 24842L, 23652L, 24739L, 209L, 46L, 309L, 
75L, 209L, 41L, 314L, 67L, 420L, 71L, 725L, 119L), .Dim = c(2L, 
2L, 4L), .Dimnames = structure(list(Pop = c("High", "Low"), Vaccinated = c("Vacc", 
"nonVacc"), Std.vs.DIVA = c("--", "+-", "-+", "++")), .Names = c("Pop", 
"Vaccinated", "Std.vs.DIVA")))
