structure(c(21764L, 22369L, 21262L, 22286L, 179L, 50L, 309L, 
45L, 171L, 31L, 253L, 66L, 386L, 50L, 676L, 103L), .Dim = c(2L, 
2L, 4L), .Dimnames = structure(list(Pop = c("High", "Low"), Vaccinated = c("Vacc", 
"nonVacc"), Std.vs.DIVA = c("--", "+-", "-+", "++")), .Names = c("Pop", 
"Vaccinated", "Std.vs.DIVA")))
