structure(c(24130L, 24805L, 23610L, 24704L, 196L, 60L, 343L, 
84L, 221L, 56L, 327L, 80L, 453L, 79L, 720L, 132L), .Dim = c(2L, 
2L, 4L), .Dimnames = structure(list(Pop = c("High", "Low"), Vaccinated = c("Vacc", 
"nonVacc"), Std.vs.DIVA = c("--", "+-", "-+", "++")), .Names = c("Pop", 
"Vaccinated", "Std.vs.DIVA")))
