structure(c(24176L, 24819L, 23578L, 24778L, 197L, 57L, 353L, 
56L, 201L, 41L, 340L, 53L, 426L, 83L, 729L, 113L), .Dim = c(2L, 
2L, 4L), .Dimnames = structure(list(Pop = c("High", "Low"), Vaccinated = c("Vacc", 
"nonVacc"), Std.vs.DIVA = c("--", "+-", "-+", "++")), .Names = c("Pop", 
"Vaccinated", "Std.vs.DIVA")))
