structure(c(19323L, 19853L, 18835L, 19769L, 161L, 38L, 256L, 
59L, 163L, 47L, 301L, 67L, 353L, 62L, 608L, 105L), .Dim = c(2L, 
2L, 4L), .Dimnames = structure(list(Pop = c("High", "Low"), Vaccinated = c("Vacc", 
"nonVacc"), Std.vs.DIVA = c("--", "+-", "-+", "++")), .Names = c("Pop", 
"Vaccinated", "Std.vs.DIVA")))
