structure(c(24181L, 24816L, 23663L, 24750L, 207L, 53L, 296L, 
64L, 190L, 58L, 301L, 55L, 422L, 73L, 740L, 131L), .Dim = c(2L, 
2L, 4L), .Dimnames = structure(list(Pop = c("High", "Low"), Vaccinated = c("Vacc", 
"nonVacc"), Std.vs.DIVA = c("--", "+-", "-+", "++")), .Names = c("Pop", 
"Vaccinated", "Std.vs.DIVA")))
