structure(c(21730L, 22359L, 21206L, 22251L, 186L, 39L, 315L, 
67L, 184L, 35L, 305L, 58L, 400L, 67L, 674L, 124L), .Dim = c(2L, 
2L, 4L), .Dimnames = structure(list(Pop = c("High", "Low"), Vaccinated = c("Vacc", 
"nonVacc"), Std.vs.DIVA = c("--", "+-", "-+", "++")), .Names = c("Pop", 
"Vaccinated", "Std.vs.DIVA")))
