structure(c(21719L, 22349L, 21265L, 22282L, 176L, 39L, 285L, 
47L, 186L, 45L, 288L, 49L, 419L, 67L, 662L, 122L), .Dim = c(2L, 
2L, 4L), .Dimnames = structure(list(Pop = c("High", "Low"), Vaccinated = c("Vacc", 
"nonVacc"), Std.vs.DIVA = c("--", "+-", "-+", "++")), .Names = c("Pop", 
"Vaccinated", "Std.vs.DIVA")))
