structure(c(21760L, 22335L, 21247L, 22249L, 163L, 42L, 300L, 
60L, 198L, 50L, 303L, 78L, 379L, 73L, 650L, 113L), .Dim = c(2L, 
2L, 4L), .Dimnames = structure(list(Pop = c("High", "Low"), Vaccinated = c("Vacc", 
"nonVacc"), Std.vs.DIVA = c("--", "+-", "-+", "++")), .Names = c("Pop", 
"Vaccinated", "Std.vs.DIVA")))
