structure(c(24214L, 24809L, 23618L, 24725L, 204L, 61L, 306L, 
71L, 206L, 48L, 335L, 70L, 376L, 82L, 741L, 134L), .Dim = c(2L, 
2L, 4L), .Dimnames = structure(list(Pop = c("High", "Low"), Vaccinated = c("Vacc", 
"nonVacc"), Std.vs.DIVA = c("--", "+-", "-+", "++")), .Names = c("Pop", 
"Vaccinated", "Std.vs.DIVA")))
