structure(c(16902L, 17374L, 16525L, 17278L, 158L, 36L, 250L, 
49L, 144L, 37L, 237L, 56L, 296L, 53L, 488L, 117L), .Dim = c(2L, 
2L, 4L), .Dimnames = structure(list(Pop = c("High", "Low"), Vaccinated = c("Vacc", 
"nonVacc"), Std.vs.DIVA = c("--", "+-", "-+", "++")), .Names = c("Pop", 
"Vaccinated", "Std.vs.DIVA")))
