structure(c(16931L, 17377L, 16498L, 17312L, 132L, 36L, 230L, 
43L, 146L, 39L, 246L, 39L, 291L, 48L, 526L, 106L), .Dim = c(2L, 
2L, 4L), .Dimnames = structure(list(Pop = c("High", "Low"), Vaccinated = c("Vacc", 
"nonVacc"), Std.vs.DIVA = c("--", "+-", "-+", "++")), .Names = c("Pop", 
"Vaccinated", "Std.vs.DIVA")))
