structure(c(21735L, 22337L, 21289L, 22241L, 174L, 41L, 285L, 
63L, 179L, 52L, 293L, 69L, 412L, 70L, 633L, 127L), .Dim = c(2L, 
2L, 4L), .Dimnames = structure(list(Pop = c("High", "Low"), Vaccinated = c("Vacc", 
"nonVacc"), Std.vs.DIVA = c("--", "+-", "-+", "++")), .Names = c("Pop", 
"Vaccinated", "Std.vs.DIVA")))
