structure(c(24161L, 24811L, 23581L, 24731L, 196L, 57L, 349L, 
83L, 233L, 58L, 329L, 59L, 410L, 74L, 741L, 127L), .Dim = c(2L, 
2L, 4L), .Dimnames = structure(list(Pop = c("High", "Low"), Vaccinated = c("Vacc", 
"nonVacc"), Std.vs.DIVA = c("--", "+-", "-+", "++")), .Names = c("Pop", 
"Vaccinated", "Std.vs.DIVA")))
