structure(c(21753L, 22371L, 21327L, 22269L, 164L, 41L, 268L, 
61L, 181L, 44L, 292L, 53L, 402L, 44L, 613L, 117L), .Dim = c(2L, 
2L, 4L), .Dimnames = structure(list(Pop = c("High", "Low"), Vaccinated = c("Vacc", 
"nonVacc"), Std.vs.DIVA = c("--", "+-", "-+", "++")), .Names = c("Pop", 
"Vaccinated", "Std.vs.DIVA")))
