structure(c(21708L, 22313L, 21285L, 22240L, 198L, 37L, 291L, 
60L, 185L, 58L, 294L, 86L, 409L, 92L, 630L, 114L), .Dim = c(2L, 
2L, 4L), .Dimnames = structure(list(Pop = c("High", "Low"), Vaccinated = c("Vacc", 
"nonVacc"), Std.vs.DIVA = c("--", "+-", "-+", "++")), .Names = c("Pop", 
"Vaccinated", "Std.vs.DIVA")))
