structure(c(21719L, 22324L, 21217L, 22249L, 169L, 41L, 321L, 
70L, 186L, 61L, 315L, 79L, 426L, 74L, 647L, 102L), .Dim = c(2L, 
2L, 4L), .Dimnames = structure(list(Pop = c("High", "Low"), Vaccinated = c("Vacc", 
"nonVacc"), Std.vs.DIVA = c("--", "+-", "-+", "++")), .Names = c("Pop", 
"Vaccinated", "Std.vs.DIVA")))
