structure(c(19327L, 19873L, 18920L, 19797L, 167L, 32L, 273L, 
50L, 147L, 36L, 249L, 51L, 359L, 59L, 558L, 102L), .Dim = c(2L, 
2L, 4L), .Dimnames = structure(list(Pop = c("High", "Low"), Vaccinated = c("Vacc", 
"nonVacc"), Std.vs.DIVA = c("--", "+-", "-+", "++")), .Names = c("Pop", 
"Vaccinated", "Std.vs.DIVA")))
