structure(c(21726L, 22330L, 21221L, 22244L, 187L, 49L, 314L, 
65L, 177L, 59L, 286L, 78L, 410L, 62L, 679L, 113L), .Dim = c(2L, 
2L, 4L), .Dimnames = structure(list(Pop = c("High", "Low"), Vaccinated = c("Vacc", 
"nonVacc"), Std.vs.DIVA = c("--", "+-", "-+", "++")), .Names = c("Pop", 
"Vaccinated", "Std.vs.DIVA")))
