structure(c(24173L, 24837L, 23573L, 24741L, 186L, 37L, 306L, 
68L, 198L, 40L, 330L, 69L, 443L, 86L, 791L, 122L), .Dim = c(2L, 
2L, 4L), .Dimnames = structure(list(Pop = c("High", "Low"), Vaccinated = c("Vacc", 
"nonVacc"), Std.vs.DIVA = c("--", "+-", "-+", "++")), .Names = c("Pop", 
"Vaccinated", "Std.vs.DIVA")))
