structure(c(21723L, 22352L, 21268L, 22285L, 171L, 38L, 281L, 
44L, 190L, 40L, 290L, 48L, 416L, 70L, 661L, 123L), .Dim = c(2L, 
2L, 4L), .Dimnames = structure(list(Pop = c("High", "Low"), Vaccinated = c("Vacc", 
"nonVacc"), Std.vs.DIVA = c("--", "+-", "-+", "++")), .Names = c("Pop", 
"Vaccinated", "Std.vs.DIVA")))
