structure(c(16903L, 17383L, 16521L, 17315L, 147L, 27L, 247L, 
40L, 150L, 44L, 253L, 43L, 300L, 46L, 479L, 102L), .Dim = c(2L, 
2L, 4L), .Dimnames = structure(list(Pop = c("High", "Low"), Vaccinated = c("Vacc", 
"nonVacc"), Std.vs.DIVA = c("--", "+-", "-+", "++")), .Names = c("Pop", 
"Vaccinated", "Std.vs.DIVA")))
