structure(c(24144L, 24845L, 23594L, 24745L, 187L, 38L, 335L, 
58L, 208L, 45L, 297L, 74L, 461L, 72L, 774L, 123L), .Dim = c(2L, 
2L, 4L), .Dimnames = structure(list(Pop = c("High", "Low"), Vaccinated = c("Vacc", 
"nonVacc"), Std.vs.DIVA = c("--", "+-", "-+", "++")), .Names = c("Pop", 
"Vaccinated", "Std.vs.DIVA")))
