structure(c(21743L, 22352L, 21296L, 22257L, 164L, 34L, 276L, 
59L, 184L, 45L, 288L, 63L, 409L, 69L, 640L, 121L), .Dim = c(2L, 
2L, 4L), .Dimnames = structure(list(Pop = c("High", "Low"), Vaccinated = c("Vacc", 
"nonVacc"), Std.vs.DIVA = c("--", "+-", "-+", "++")), .Names = c("Pop", 
"Vaccinated", "Std.vs.DIVA")))
