structure(c(24180L, 24842L, 23576L, 24745L, 181L, 34L, 304L, 
66L, 196L, 38L, 329L, 67L, 443L, 86L, 791L, 122L), .Dim = c(2L, 
2L, 4L), .Dimnames = structure(list(Pop = c("High", "Low"), Vaccinated = c("Vacc", 
"nonVacc"), Std.vs.DIVA = c("--", "+-", "-+", "++")), .Names = c("Pop", 
"Vaccinated", "Std.vs.DIVA")))
