structure(c(21725L, 22332L, 21222L, 22254L, 172L, 46L, 308L, 
72L, 192L, 55L, 321L, 66L, 411L, 67L, 649L, 108L), .Dim = c(2L, 
2L, 4L), .Dimnames = structure(list(Pop = c("High", "Low"), Vaccinated = c("Vacc", 
"nonVacc"), Std.vs.DIVA = c("--", "+-", "-+", "++")), .Names = c("Pop", 
"Vaccinated", "Std.vs.DIVA")))
