structure(c(21730L, 22345L, 21239L, 22267L, 186L, 38L, 307L, 
58L, 177L, 49L, 283L, 74L, 407L, 68L, 671L, 101L), .Dim = c(2L, 
2L, 4L), .Dimnames = structure(list(Pop = c("High", "Low"), Vaccinated = c("Vacc", 
"nonVacc"), Std.vs.DIVA = c("--", "+-", "-+", "++")), .Names = c("Pop", 
"Vaccinated", "Std.vs.DIVA")))
