structure(c(21712L, 22317L, 21292L, 22247L, 192L, 41L, 285L, 
58L, 180L, 48L, 296L, 80L, 416L, 94L, 627L, 115L), .Dim = c(2L, 
2L, 4L), .Dimnames = structure(list(Pop = c("High", "Low"), Vaccinated = c("Vacc", 
"nonVacc"), Std.vs.DIVA = c("--", "+-", "-+", "++")), .Names = c("Pop", 
"Vaccinated", "Std.vs.DIVA")))
