structure(c(19292L, 19870L, 18853L, 19786L, 184L, 39L, 293L, 
50L, 162L, 40L, 281L, 54L, 362L, 51L, 573L, 110L), .Dim = c(2L, 
2L, 4L), .Dimnames = structure(list(Pop = c("High", "Low"), Vaccinated = c("Vacc", 
"nonVacc"), Std.vs.DIVA = c("--", "+-", "-+", "++")), .Names = c("Pop", 
"Vaccinated", "Std.vs.DIVA")))
