structure(c(21749L, 22365L, 21246L, 22267L, 176L, 39L, 316L, 
60L, 170L, 41L, 310L, 64L, 405L, 55L, 628L, 109L), .Dim = c(2L, 
2L, 4L), .Dimnames = structure(list(Pop = c("High", "Low"), Vaccinated = c("Vacc", 
"nonVacc"), Std.vs.DIVA = c("--", "+-", "-+", "++")), .Names = c("Pop", 
"Vaccinated", "Std.vs.DIVA")))
