structure(c(21730L, 22365L, 21255L, 22267L, 183L, 29L, 298L, 
65L, 187L, 38L, 267L, 55L, 400L, 68L, 680L, 113L), .Dim = c(2L, 
2L, 4L), .Dimnames = structure(list(Pop = c("High", "Low"), Vaccinated = c("Vacc", 
"nonVacc"), Std.vs.DIVA = c("--", "+-", "-+", "++")), .Names = c("Pop", 
"Vaccinated", "Std.vs.DIVA")))
