structure(c(24225L, 24821L, 23624L, 24736L, 197L, 56L, 305L, 
63L, 202L, 42L, 333L, 66L, 376L, 81L, 738L, 135L), .Dim = c(2L, 
2L, 4L), .Dimnames = structure(list(Pop = c("High", "Low"), Vaccinated = c("Vacc", 
"nonVacc"), Std.vs.DIVA = c("--", "+-", "-+", "++")), .Names = c("Pop", 
"Vaccinated", "Std.vs.DIVA")))
