structure(c(19298L, 19867L, 18918L, 19763L, 169L, 41L, 280L, 
67L, 161L, 36L, 260L, 62L, 372L, 56L, 542L, 108L), .Dim = c(2L, 
2L, 4L), .Dimnames = structure(list(Pop = c("High", "Low"), Vaccinated = c("Vacc", 
"nonVacc"), Std.vs.DIVA = c("--", "+-", "-+", "++")), .Names = c("Pop", 
"Vaccinated", "Std.vs.DIVA")))
