structure(c(24161L, 24834L, 23608L, 24758L, 195L, 38L, 331L, 
68L, 205L, 53L, 329L, 49L, 439L, 75L, 732L, 125L), .Dim = c(2L, 
2L, 4L), .Dimnames = structure(list(Pop = c("High", "Low"), Vaccinated = c("Vacc", 
"nonVacc"), Std.vs.DIVA = c("--", "+-", "-+", "++")), .Names = c("Pop", 
"Vaccinated", "Std.vs.DIVA")))
