structure(c(19325L, 19856L, 18877L, 19785L, 163L, 38L, 262L, 
49L, 148L, 33L, 267L, 62L, 364L, 73L, 594L, 104L), .Dim = c(2L, 
2L, 4L), .Dimnames = structure(list(Pop = c("High", "Low"), Vaccinated = c("Vacc", 
"nonVacc"), Std.vs.DIVA = c("--", "+-", "-+", "++")), .Names = c("Pop", 
"Vaccinated", "Std.vs.DIVA")))
