structure(c(24156L, 24834L, 23606L, 24757L, 194L, 41L, 341L, 
61L, 208L, 50L, 331L, 53L, 442L, 75L, 722L, 129L), .Dim = c(2L, 
2L, 4L), .Dimnames = structure(list(Pop = c("High", "Low"), Vaccinated = c("Vacc", 
"nonVacc"), Std.vs.DIVA = c("--", "+-", "-+", "++")), .Names = c("Pop", 
"Vaccinated", "Std.vs.DIVA")))
