structure(c(24182L, 24866L, 23597L, 24758L, 180L, 38L, 317L, 
59L, 201L, 30L, 345L, 69L, 437L, 66L, 741L, 114L), .Dim = c(2L, 
2L, 4L), .Dimnames = structure(list(Pop = c("High", "Low"), Vaccinated = c("Vacc", 
"nonVacc"), Std.vs.DIVA = c("--", "+-", "-+", "++")), .Names = c("Pop", 
"Vaccinated", "Std.vs.DIVA")))
