structure(c(21714L, 22319L, 21292L, 22256L, 190L, 40L, 285L, 
54L, 180L, 47L, 297L, 75L, 416L, 94L, 626L, 115L), .Dim = c(2L, 
2L, 4L), .Dimnames = structure(list(Pop = c("High", "Low"), Vaccinated = c("Vacc", 
"nonVacc"), Std.vs.DIVA = c("--", "+-", "-+", "++")), .Names = c("Pop", 
"Vaccinated", "Std.vs.DIVA")))
