structure(c(24166L, 24843L, 23576L, 24727L, 198L, 53L, 372L, 
69L, 213L, 40L, 339L, 76L, 423L, 64L, 713L, 128L), .Dim = c(2L, 
2L, 4L), .Dimnames = structure(list(Pop = c("High", "Low"), Vaccinated = c("Vacc", 
"nonVacc"), Std.vs.DIVA = c("--", "+-", "-+", "++")), .Names = c("Pop", 
"Vaccinated", "Std.vs.DIVA")))
