structure(c(24102L, 24828L, 23605L, 24710L, 232L, 46L, 336L, 
91L, 214L, 56L, 333L, 56L, 452L, 70L, 726L, 143L), .Dim = c(2L, 
2L, 4L), .Dimnames = structure(list(Pop = c("High", "Low"), Vaccinated = c("Vacc", 
"nonVacc"), Std.vs.DIVA = c("--", "+-", "-+", "++")), .Names = c("Pop", 
"Vaccinated", "Std.vs.DIVA")))
