structure(c(16909L, 17373L, 16523L, 17282L, 149L, 37L, 243L, 
52L, 141L, 32L, 241L, 55L, 301L, 58L, 493L, 111L), .Dim = c(2L, 
2L, 4L), .Dimnames = structure(list(Pop = c("High", "Low"), Vaccinated = c("Vacc", 
"nonVacc"), Std.vs.DIVA = c("--", "+-", "-+", "++")), .Names = c("Pop", 
"Vaccinated", "Std.vs.DIVA")))
