structure(c(21720L, 22349L, 21263L, 22284L, 170L, 38L, 284L, 
45L, 193L, 43L, 291L, 50L, 417L, 70L, 662L, 121L), .Dim = c(2L, 
2L, 4L), .Dimnames = structure(list(Pop = c("High", "Low"), Vaccinated = c("Vacc", 
"nonVacc"), Std.vs.DIVA = c("--", "+-", "-+", "++")), .Names = c("Pop", 
"Vaccinated", "Std.vs.DIVA")))
