structure(c(21728L, 22335L, 21277L, 22242L, 173L, 41L, 286L, 
65L, 190L, 55L, 297L, 72L, 409L, 69L, 640L, 121L), .Dim = c(2L, 
2L, 4L), .Dimnames = structure(list(Pop = c("High", "Low"), Vaccinated = c("Vacc", 
"nonVacc"), Std.vs.DIVA = c("--", "+-", "-+", "++")), .Names = c("Pop", 
"Vaccinated", "Std.vs.DIVA")))
