structure(c(24214L, 24811L, 23619L, 24725L, 203L, 61L, 307L, 
68L, 207L, 47L, 336L, 72L, 376L, 81L, 738L, 135L), .Dim = c(2L, 
2L, 4L), .Dimnames = structure(list(Pop = c("High", "Low"), Vaccinated = c("Vacc", 
"nonVacc"), Std.vs.DIVA = c("--", "+-", "-+", "++")), .Names = c("Pop", 
"Vaccinated", "Std.vs.DIVA")))
