structure(c(21734L, 22350L, 21309L, 22253L, 173L, 51L, 278L, 
65L, 189L, 55L, 302L, 63L, 404L, 44L, 611L, 119L), .Dim = c(2L, 
2L, 4L), .Dimnames = structure(list(Pop = c("High", "Low"), Vaccinated = c("Vacc", 
"nonVacc"), Std.vs.DIVA = c("--", "+-", "-+", "++")), .Names = c("Pop", 
"Vaccinated", "Std.vs.DIVA")))
