structure(c(19275L, 19856L, 18833L, 19770L, 196L, 50L, 304L, 
58L, 167L, 43L, 290L, 62L, 362L, 51L, 573L, 110L), .Dim = c(2L, 
2L, 4L), .Dimnames = structure(list(Pop = c("High", "Low"), Vaccinated = c("Vacc", 
"nonVacc"), Std.vs.DIVA = c("--", "+-", "-+", "++")), .Names = c("Pop", 
"Vaccinated", "Std.vs.DIVA")))
