structure(c(19301L, 19857L, 18875L, 19788L, 165L, 37L, 265L, 
55L, 187L, 43L, 254L, 56L, 347L, 63L, 606L, 101L), .Dim = c(2L, 
2L, 4L), .Dimnames = structure(list(Pop = c("High", "Low"), Vaccinated = c("Vacc", 
"nonVacc"), Std.vs.DIVA = c("--", "+-", "-+", "++")), .Names = c("Pop", 
"Vaccinated", "Std.vs.DIVA")))
