structure(c(24148L, 24842L, 23608L, 24731L, 203L, 46L, 359L, 
77L, 218L, 47L, 314L, 59L, 431L, 65L, 719L, 133L), .Dim = c(2L, 
2L, 4L), .Dimnames = structure(list(Pop = c("High", "Low"), Vaccinated = c("Vacc", 
"nonVacc"), Std.vs.DIVA = c("--", "+-", "-+", "++")), .Names = c("Pop", 
"Vaccinated", "Std.vs.DIVA")))
