structure(c(24153L, 24832L, 23633L, 24730L, 189L, 47L, 325L, 
69L, 205L, 44L, 320L, 75L, 453L, 77L, 722L, 126L), .Dim = c(2L, 
2L, 4L), .Dimnames = structure(list(Pop = c("High", "Low"), Vaccinated = c("Vacc", 
"nonVacc"), Std.vs.DIVA = c("--", "+-", "-+", "++")), .Names = c("Pop", 
"Vaccinated", "Std.vs.DIVA")))
