structure(c(24148L, 24845L, 23608L, 24739L, 203L, 42L, 357L, 
71L, 214L, 46L, 314L, 57L, 435L, 67L, 721L, 133L), .Dim = c(2L, 
2L, 4L), .Dimnames = structure(list(Pop = c("High", "Low"), Vaccinated = c("Vacc", 
"nonVacc"), Std.vs.DIVA = c("--", "+-", "-+", "++")), .Names = c("Pop", 
"Vaccinated", "Std.vs.DIVA")))
