structure(c(21747L, 22349L, 21301L, 22249L, 168L, 35L, 278L, 
59L, 173L, 46L, 288L, 65L, 412L, 70L, 633L, 127L), .Dim = c(2L, 
2L, 4L), .Dimnames = structure(list(Pop = c("High", "Low"), Vaccinated = c("Vacc", 
"nonVacc"), Std.vs.DIVA = c("--", "+-", "-+", "++")), .Names = c("Pop", 
"Vaccinated", "Std.vs.DIVA")))
