structure(c(24127L, 24805L, 23611L, 24704L, 203L, 52L, 333L, 
89L, 223L, 53L, 331L, 75L, 447L, 90L, 725L, 132L), .Dim = c(2L, 
2L, 4L), .Dimnames = structure(list(Pop = c("High", "Low"), Vaccinated = c("Vacc", 
"nonVacc"), Std.vs.DIVA = c("--", "+-", "-+", "++")), .Names = c("Pop", 
"Vaccinated", "Std.vs.DIVA")))
