structure(c(24136L, 24842L, 23588L, 24739L, 193L, 39L, 338L, 
62L, 210L, 47L, 300L, 76L, 461L, 72L, 774L, 123L), .Dim = c(2L, 
2L, 4L), .Dimnames = structure(list(Pop = c("High", "Low"), Vaccinated = c("Vacc", 
"nonVacc"), Std.vs.DIVA = c("--", "+-", "-+", "++")), .Names = c("Pop", 
"Vaccinated", "Std.vs.DIVA")))
