structure(c(24133L, 24826L, 23596L, 24712L, 211L, 54L, 364L, 
85L, 225L, 55L, 321L, 70L, 431L, 65L, 719L, 133L), .Dim = c(2L, 
2L, 4L), .Dimnames = structure(list(Pop = c("High", "Low"), Vaccinated = c("Vacc", 
"nonVacc"), Std.vs.DIVA = c("--", "+-", "-+", "++")), .Names = c("Pop", 
"Vaccinated", "Std.vs.DIVA")))
