structure(c(19321L, 19878L, 18936L, 19783L, 148L, 31L, 268L, 
56L, 151L, 37L, 251L, 55L, 380L, 54L, 545L, 106L), .Dim = c(2L, 
2L, 4L), .Dimnames = structure(list(Pop = c("High", "Low"), Vaccinated = c("Vacc", 
"nonVacc"), Std.vs.DIVA = c("--", "+-", "-+", "++")), .Names = c("Pop", 
"Vaccinated", "Std.vs.DIVA")))
