structure(c(16936L, 17384L, 16481L, 17304L, 136L, 29L, 265L, 
47L, 143L, 34L, 230L, 48L, 285L, 53L, 524L, 101L), .Dim = c(2L, 
2L, 4L), .Dimnames = structure(list(Pop = c("High", "Low"), Vaccinated = c("Vacc", 
"nonVacc"), Std.vs.DIVA = c("--", "+-", "-+", "++")), .Names = c("Pop", 
"Vaccinated", "Std.vs.DIVA")))
