structure(c(19316L, 19864L, 18853L, 19773L, 159L, 41L, 262L, 
63L, 183L, 37L, 261L, 63L, 342L, 58L, 624L, 101L), .Dim = c(2L, 
2L, 4L), .Dimnames = structure(list(Pop = c("High", "Low"), Vaccinated = c("Vacc", 
"nonVacc"), Std.vs.DIVA = c("--", "+-", "-+", "++")), .Names = c("Pop", 
"Vaccinated", "Std.vs.DIVA")))
