structure(c(19301L, 19862L, 18916L, 19760L, 158L, 43L, 278L, 
67L, 161L, 41L, 261L, 67L, 380L, 54L, 545L, 106L), .Dim = c(2L, 
2L, 4L), .Dimnames = structure(list(Pop = c("High", "Low"), Vaccinated = c("Vacc", 
"nonVacc"), Std.vs.DIVA = c("--", "+-", "-+", "++")), .Names = c("Pop", 
"Vaccinated", "Std.vs.DIVA")))
