structure(c(21728L, 22357L, 21272L, 22289L, 169L, 35L, 279L, 
43L, 187L, 38L, 288L, 45L, 416L, 70L, 661L, 123L), .Dim = c(2L, 
2L, 4L), .Dimnames = structure(list(Pop = c("High", "Low"), Vaccinated = c("Vacc", 
"nonVacc"), Std.vs.DIVA = c("--", "+-", "-+", "++")), .Names = c("Pop", 
"Vaccinated", "Std.vs.DIVA")))
