structure(c(24164L, 24849L, 23658L, 24749L, 207L, 40L, 306L, 
67L, 208L, 39L, 313L, 60L, 421L, 72L, 723L, 124L), .Dim = c(2L, 
2L, 4L), .Dimnames = structure(list(Pop = c("High", "Low"), Vaccinated = c("Vacc", 
"nonVacc"), Std.vs.DIVA = c("--", "+-", "-+", "++")), .Names = c("Pop", 
"Vaccinated", "Std.vs.DIVA")))
