structure(c(19316L, 19860L, 18864L, 19765L, 165L, 35L, 273L, 
59L, 154L, 44L, 291L, 55L, 365L, 61L, 572L, 121L), .Dim = c(2L, 
2L, 4L), .Dimnames = structure(list(Pop = c("High", "Low"), Vaccinated = c("Vacc", 
"nonVacc"), Std.vs.DIVA = c("--", "+-", "-+", "++")), .Names = c("Pop", 
"Vaccinated", "Std.vs.DIVA")))
