structure(c(21764L, 22342L, 21274L, 22271L, 159L, 47L, 304L, 
63L, 167L, 39L, 283L, 57L, 410L, 72L, 639L, 109L), .Dim = c(2L, 
2L, 4L), .Dimnames = structure(list(Pop = c("High", "Low"), Vaccinated = c("Vacc", 
"nonVacc"), Std.vs.DIVA = c("--", "+-", "-+", "++")), .Names = c("Pop", 
"Vaccinated", "Std.vs.DIVA")))
