structure(c(24114L, 24831L, 23664L, 24737L, 221L, 59L, 292L, 
63L, 225L, 48L, 310L, 77L, 440L, 62L, 734L, 123L), .Dim = c(2L, 
2L, 4L), .Dimnames = structure(list(Pop = c("High", "Low"), Vaccinated = c("Vacc", 
"nonVacc"), Std.vs.DIVA = c("--", "+-", "-+", "++")), .Names = c("Pop", 
"Vaccinated", "Std.vs.DIVA")))
