structure(c(21705L, 22338L, 21245L, 22265L, 189L, 50L, 279L, 
69L, 180L, 45L, 290L, 61L, 426L, 67L, 686L, 105L), .Dim = c(2L, 
2L, 4L), .Dimnames = structure(list(Pop = c("High", "Low"), Vaccinated = c("Vacc", 
"nonVacc"), Std.vs.DIVA = c("--", "+-", "-+", "++")), .Names = c("Pop", 
"Vaccinated", "Std.vs.DIVA")))
