structure(c(19322L, 19848L, 18857L, 19762L, 171L, 42L, 274L, 
65L, 145L, 44L, 297L, 62L, 362L, 66L, 572L, 111L), .Dim = c(2L, 
2L, 4L), .Dimnames = structure(list(Pop = c("High", "Low"), Vaccinated = c("Vacc", 
"nonVacc"), Std.vs.DIVA = c("--", "+-", "-+", "++")), .Names = c("Pop", 
"Vaccinated", "Std.vs.DIVA")))
