structure(c(16923L, 17359L, 16488L, 17301L, 137L, 42L, 235L, 
47L, 149L, 51L, 251L, 46L, 291L, 48L, 526L, 106L), .Dim = c(2L, 
2L, 4L), .Dimnames = structure(list(Pop = c("High", "Low"), Vaccinated = c("Vacc", 
"nonVacc"), Std.vs.DIVA = c("--", "+-", "-+", "++")), .Names = c("Pop", 
"Vaccinated", "Std.vs.DIVA")))
