structure(c(24143L, 24837L, 23605L, 24729L, 206L, 48L, 360L, 
78L, 220L, 50L, 316L, 60L, 431L, 65L, 719L, 133L), .Dim = c(2L, 
2L, 4L), .Dimnames = structure(list(Pop = c("High", "Low"), Vaccinated = c("Vacc", 
"nonVacc"), Std.vs.DIVA = c("--", "+-", "-+", "++")), .Names = c("Pop", 
"Vaccinated", "Std.vs.DIVA")))
