structure(c(21742L, 22345L, 21238L, 22264L, 185L, 59L, 320L, 
53L, 187L, 46L, 266L, 80L, 386L, 50L, 676L, 103L), .Dim = c(2L, 
2L, 4L), .Dimnames = structure(list(Pop = c("High", "Low"), Vaccinated = c("Vacc", 
"nonVacc"), Std.vs.DIVA = c("--", "+-", "-+", "++")), .Names = c("Pop", 
"Vaccinated", "Std.vs.DIVA")))
