structure(c(21753L, 22371L, 21315L, 22269L, 178L, 30L, 274L, 
65L, 189L, 35L, 261L, 48L, 380L, 64L, 650L, 118L), .Dim = c(2L, 
2L, 4L), .Dimnames = structure(list(Pop = c("High", "Low"), Vaccinated = c("Vacc", 
"nonVacc"), Std.vs.DIVA = c("--", "+-", "-+", "++")), .Names = c("Pop", 
"Vaccinated", "Std.vs.DIVA")))
