structure(c(21729L, 22336L, 21228L, 22260L, 164L, 36L, 314L, 
64L, 181L, 54L, 311L, 74L, 426L, 74L, 647L, 102L), .Dim = c(2L, 
2L, 4L), .Dimnames = structure(list(Pop = c("High", "Low"), Vaccinated = c("Vacc", 
"nonVacc"), Std.vs.DIVA = c("--", "+-", "-+", "++")), .Names = c("Pop", 
"Vaccinated", "Std.vs.DIVA")))
