structure(c(24189L, 24826L, 23668L, 24755L, 206L, 46L, 292L, 
61L, 181L, 60L, 305L, 48L, 424L, 68L, 735L, 136L), .Dim = c(2L, 
2L, 4L), .Dimnames = structure(list(Pop = c("High", "Low"), Vaccinated = c("Vacc", 
"nonVacc"), Std.vs.DIVA = c("--", "+-", "-+", "++")), .Names = c("Pop", 
"Vaccinated", "Std.vs.DIVA")))
