structure(c(24148L, 24840L, 23646L, 24733L, 214L, 49L, 316L, 
76L, 217L, 39L, 315L, 67L, 421L, 72L, 723L, 124L), .Dim = c(2L, 
2L, 4L), .Dimnames = structure(list(Pop = c("High", "Low"), Vaccinated = c("Vacc", 
"nonVacc"), Std.vs.DIVA = c("--", "+-", "-+", "++")), .Names = c("Pop", 
"Vaccinated", "Std.vs.DIVA")))
