structure(c(19282L, 19868L, 18881L, 19768L, 182L, 51L, 276L, 
60L, 188L, 35L, 263L, 68L, 348L, 46L, 580L, 104L), .Dim = c(2L, 
2L, 4L), .Dimnames = structure(list(Pop = c("High", "Low"), Vaccinated = c("Vacc", 
"nonVacc"), Std.vs.DIVA = c("--", "+-", "-+", "++")), .Names = c("Pop", 
"Vaccinated", "Std.vs.DIVA")))
