structure(c(16933L, 17380L, 16477L, 17301L, 138L, 31L, 267L, 
47L, 144L, 36L, 232L, 51L, 285L, 53L, 524L, 101L), .Dim = c(2L, 
2L, 4L), .Dimnames = structure(list(Pop = c("High", "Low"), Vaccinated = c("Vacc", 
"nonVacc"), Std.vs.DIVA = c("--", "+-", "-+", "++")), .Names = c("Pop", 
"Vaccinated", "Std.vs.DIVA")))
