structure(c(19287L, 19867L, 18851L, 19783L, 187L, 42L, 293L, 
52L, 164L, 40L, 283L, 55L, 362L, 51L, 573L, 110L), .Dim = c(2L, 
2L, 4L), .Dimnames = structure(list(Pop = c("High", "Low"), Vaccinated = c("Vacc", 
"nonVacc"), Std.vs.DIVA = c("--", "+-", "-+", "++")), .Names = c("Pop", 
"Vaccinated", "Std.vs.DIVA")))
