structure(c(21705L, 22343L, 21267L, 22279L, 191L, 40L, 320L, 
53L, 183L, 49L, 275L, 68L, 421L, 68L, 638L, 100L), .Dim = c(2L, 
2L, 4L), .Dimnames = structure(list(Pop = c("High", "Low"), Vaccinated = c("Vacc", 
"nonVacc"), Std.vs.DIVA = c("--", "+-", "-+", "++")), .Names = c("Pop", 
"Vaccinated", "Std.vs.DIVA")))
