structure(c(21729L, 22333L, 21279L, 22241L, 177L, 41L, 286L, 
65L, 189L, 54L, 298L, 71L, 405L, 72L, 637L, 123L), .Dim = c(2L, 
2L, 4L), .Dimnames = structure(list(Pop = c("High", "Low"), Vaccinated = c("Vacc", 
"nonVacc"), Std.vs.DIVA = c("--", "+-", "-+", "++")), .Names = c("Pop", 
"Vaccinated", "Std.vs.DIVA")))
