structure(c(24155L, 24832L, 23556L, 24710L, 205L, 60L, 380L, 
75L, 217L, 44L, 351L, 87L, 423L, 64L, 713L, 128L), .Dim = c(2L, 
2L, 4L), .Dimnames = structure(list(Pop = c("High", "Low"), Vaccinated = c("Vacc", 
"nonVacc"), Std.vs.DIVA = c("--", "+-", "-+", "++")), .Names = c("Pop", 
"Vaccinated", "Std.vs.DIVA")))
