structure(c(24163L, 24844L, 23636L, 24729L, 199L, 43L, 362L, 
74L, 188L, 40L, 309L, 84L, 450L, 73L, 693L, 113L), .Dim = c(2L, 
2L, 4L), .Dimnames = structure(list(Pop = c("High", "Low"), Vaccinated = c("Vacc", 
"nonVacc"), Std.vs.DIVA = c("--", "+-", "-+", "++")), .Names = c("Pop", 
"Vaccinated", "Std.vs.DIVA")))
