structure(c(21748L, 22329L, 21193L, 22248L, 211L, 49L, 341L, 
61L, 177L, 43L, 300L, 88L, 364L, 79L, 666L, 103L), .Dim = c(2L, 
2L, 4L), .Dimnames = structure(list(Pop = c("High", "Low"), Vaccinated = c("Vacc", 
"nonVacc"), Std.vs.DIVA = c("--", "+-", "-+", "++")), .Names = c("Pop", 
"Vaccinated", "Std.vs.DIVA")))
