structure(c(19323L, 19869L, 18862L, 19780L, 153L, 37L, 257L, 
60L, 182L, 36L, 257L, 59L, 342L, 58L, 624L, 101L), .Dim = c(2L, 
2L, 4L), .Dimnames = structure(list(Pop = c("High", "Low"), Vaccinated = c("Vacc", 
"nonVacc"), Std.vs.DIVA = c("--", "+-", "-+", "++")), .Names = c("Pop", 
"Vaccinated", "Std.vs.DIVA")))
