structure(c(24182L, 24817L, 23661L, 24751L, 213L, 49L, 295L, 
66L, 185L, 63L, 307L, 53L, 420L, 71L, 737L, 130L), .Dim = c(2L, 
2L, 4L), .Dimnames = structure(list(Pop = c("High", "Low"), Vaccinated = c("Vacc", 
"nonVacc"), Std.vs.DIVA = c("--", "+-", "-+", "++")), .Names = c("Pop", 
"Vaccinated", "Std.vs.DIVA")))
