structure(c(21740L, 22356L, 21312L, 22256L, 172L, 46L, 274L, 
67L, 186L, 54L, 301L, 60L, 402L, 44L, 613L, 117L), .Dim = c(2L, 
2L, 4L), .Dimnames = structure(list(Pop = c("High", "Low"), Vaccinated = c("Vacc", 
"nonVacc"), Std.vs.DIVA = c("--", "+-", "-+", "++")), .Names = c("Pop", 
"Vaccinated", "Std.vs.DIVA")))
