structure(c(24167L, 24831L, 23571L, 24736L, 189L, 39L, 308L, 
69L, 202L, 42L, 330L, 71L, 442L, 88L, 791L, 124L), .Dim = c(2L, 
2L, 4L), .Dimnames = structure(list(Pop = c("High", "Low"), Vaccinated = c("Vacc", 
"nonVacc"), Std.vs.DIVA = c("--", "+-", "-+", "++")), .Names = c("Pop", 
"Vaccinated", "Std.vs.DIVA")))
