structure(c(21759L, 22334L, 21239L, 22246L, 169L, 43L, 309L, 
59L, 196L, 52L, 308L, 77L, 376L, 71L, 644L, 118L), .Dim = c(2L, 
2L, 4L), .Dimnames = structure(list(Pop = c("High", "Low"), Vaccinated = c("Vacc", 
"nonVacc"), Std.vs.DIVA = c("--", "+-", "-+", "++")), .Names = c("Pop", 
"Vaccinated", "Std.vs.DIVA")))
