structure(c(21727L, 22356L, 21203L, 22243L, 188L, 41L, 316L, 
69L, 185L, 36L, 307L, 64L, 400L, 67L, 674L, 124L), .Dim = c(2L, 
2L, 4L), .Dimnames = structure(list(Pop = c("High", "Low"), Vaccinated = c("Vacc", 
"nonVacc"), Std.vs.DIVA = c("--", "+-", "-+", "++")), .Names = c("Pop", 
"Vaccinated", "Std.vs.DIVA")))
