structure(c(24179L, 24827L, 23603L, 24751L, 190L, 48L, 337L, 
68L, 221L, 51L, 319L, 54L, 410L, 74L, 741L, 127L), .Dim = c(2L, 
2L, 4L), .Dimnames = structure(list(Pop = c("High", "Low"), Vaccinated = c("Vacc", 
"nonVacc"), Std.vs.DIVA = c("--", "+-", "-+", "++")), .Names = c("Pop", 
"Vaccinated", "Std.vs.DIVA")))
