structure(c(24175L, 24843L, 23631L, 24757L, 194L, 42L, 294L, 
74L, 190L, 41L, 320L, 62L, 441L, 74L, 755L, 107L), .Dim = c(2L, 
2L, 4L), .Dimnames = structure(list(Pop = c("High", "Low"), Vaccinated = c("Vacc", 
"nonVacc"), Std.vs.DIVA = c("--", "+-", "-+", "++")), .Names = c("Pop", 
"Vaccinated", "Std.vs.DIVA")))
