structure(c(21753L, 22371L, 21328L, 22269L, 168L, 38L, 268L, 
61L, 180L, 42L, 291L, 57L, 399L, 49L, 613L, 113L), .Dim = c(2L, 
2L, 4L), .Dimnames = structure(list(Pop = c("High", "Low"), Vaccinated = c("Vacc", 
"nonVacc"), Std.vs.DIVA = c("--", "+-", "-+", "++")), .Names = c("Pop", 
"Vaccinated", "Std.vs.DIVA")))
