structure(c(16919L, 17374L, 16474L, 17282L, 147L, 38L, 273L, 
47L, 146L, 40L, 239L, 57L, 288L, 48L, 514L, 114L), .Dim = c(2L, 
2L, 4L), .Dimnames = structure(list(Pop = c("High", "Low"), Vaccinated = c("Vacc", 
"nonVacc"), Std.vs.DIVA = c("--", "+-", "-+", "++")), .Names = c("Pop", 
"Vaccinated", "Std.vs.DIVA")))
