structure(c(19311L, 19875L, 18926L, 19775L, 164L, 36L, 275L, 
59L, 159L, 33L, 251L, 57L, 366L, 56L, 548L, 109L), .Dim = c(2L, 
2L, 4L), .Dimnames = structure(list(Pop = c("High", "Low"), Vaccinated = c("Vacc", 
"nonVacc"), Std.vs.DIVA = c("--", "+-", "-+", "++")), .Names = c("Pop", 
"Vaccinated", "Std.vs.DIVA")))
