structure(c(24161L, 24811L, 23580L, 24732L, 197L, 56L, 349L, 
84L, 233L, 61L, 331L, 59L, 409L, 72L, 740L, 125L), .Dim = c(2L, 
2L, 4L), .Dimnames = structure(list(Pop = c("High", "Low"), Vaccinated = c("Vacc", 
"nonVacc"), Std.vs.DIVA = c("--", "+-", "-+", "++")), .Names = c("Pop", 
"Vaccinated", "Std.vs.DIVA")))
