structure(c(24142L, 24788L, 23546L, 24756L, 213L, 71L, 371L, 
65L, 219L, 58L, 354L, 66L, 426L, 83L, 729L, 113L), .Dim = c(2L, 
2L, 4L), .Dimnames = structure(list(Pop = c("High", "Low"), Vaccinated = c("Vacc", 
"nonVacc"), Std.vs.DIVA = c("--", "+-", "-+", "++")), .Names = c("Pop", 
"Vaccinated", "Std.vs.DIVA")))
