structure(c(24150L, 24837L, 23625L, 24717L, 206L, 49L, 362L, 
82L, 195L, 42L, 320L, 88L, 449L, 72L, 693L, 113L), .Dim = c(2L, 
2L, 4L), .Dimnames = structure(list(Pop = c("High", "Low"), Vaccinated = c("Vacc", 
"nonVacc"), Std.vs.DIVA = c("--", "+-", "-+", "++")), .Names = c("Pop", 
"Vaccinated", "Std.vs.DIVA")))
