structure(c(16919L, 17382L, 16530L, 17295L, 144L, 30L, 239L, 
48L, 136L, 30L, 238L, 46L, 301L, 58L, 493L, 111L), .Dim = c(2L, 
2L, 4L), .Dimnames = structure(list(Pop = c("High", "Low"), Vaccinated = c("Vacc", 
"nonVacc"), Std.vs.DIVA = c("--", "+-", "-+", "++")), .Names = c("Pop", 
"Vaccinated", "Std.vs.DIVA")))
