structure(c(21730L, 22335L, 21227L, 22248L, 185L, 45L, 310L, 
63L, 175L, 58L, 284L, 76L, 410L, 62L, 679L, 113L), .Dim = c(2L, 
2L, 4L), .Dimnames = structure(list(Pop = c("High", "Low"), Vaccinated = c("Vacc", 
"nonVacc"), Std.vs.DIVA = c("--", "+-", "-+", "++")), .Names = c("Pop", 
"Vaccinated", "Std.vs.DIVA")))
