structure(c(16905L, 17387L, 16527L, 17320L, 147L, 25L, 245L, 
37L, 148L, 42L, 249L, 41L, 300L, 46L, 479L, 102L), .Dim = c(2L, 
2L, 4L), .Dimnames = structure(list(Pop = c("High", "Low"), Vaccinated = c("Vacc", 
"nonVacc"), Std.vs.DIVA = c("--", "+-", "-+", "++")), .Names = c("Pop", 
"Vaccinated", "Std.vs.DIVA")))
