structure(c(21728L, 22339L, 21235L, 22258L, 188L, 42L, 309L, 
63L, 177L, 51L, 285L, 78L, 407L, 68L, 671L, 101L), .Dim = c(2L, 
2L, 4L), .Dimnames = structure(list(Pop = c("High", "Low"), Vaccinated = c("Vacc", 
"nonVacc"), Std.vs.DIVA = c("--", "+-", "-+", "++")), .Names = c("Pop", 
"Vaccinated", "Std.vs.DIVA")))
