structure(c(24134L, 24828L, 23631L, 24779L, 190L, 37L, 345L, 
35L, 217L, 41L, 336L, 67L, 459L, 94L, 688L, 119L), .Dim = c(2L, 
2L, 4L), .Dimnames = structure(list(Pop = c("High", "Low"), Vaccinated = c("Vacc", 
"nonVacc"), Std.vs.DIVA = c("--", "+-", "-+", "++")), .Names = c("Pop", 
"Vaccinated", "Std.vs.DIVA")))
