structure(c(21741L, 22308L, 21220L, 22229L, 174L, 63L, 310L, 
67L, 206L, 56L, 320L, 91L, 379L, 73L, 650L, 113L), .Dim = c(2L, 
2L, 4L), .Dimnames = structure(list(Pop = c("High", "Low"), Vaccinated = c("Vacc", 
"nonVacc"), Std.vs.DIVA = c("--", "+-", "-+", "++")), .Names = c("Pop", 
"Vaccinated", "Std.vs.DIVA")))
