structure(c(21709L, 22344L, 21252L, 22270L, 186L, 47L, 278L, 
66L, 179L, 42L, 284L, 59L, 426L, 67L, 686L, 105L), .Dim = c(2L, 
2L, 4L), .Dimnames = structure(list(Pop = c("High", "Low"), Vaccinated = c("Vacc", 
"nonVacc"), Std.vs.DIVA = c("--", "+-", "-+", "++")), .Names = c("Pop", 
"Vaccinated", "Std.vs.DIVA")))
