structure(c(21724L, 22336L, 21261L, 22244L, 200L, 39L, 310L, 
68L, 199L, 47L, 279L, 73L, 377L, 78L, 650L, 115L), .Dim = c(2L, 
2L, 4L), .Dimnames = structure(list(Pop = c("High", "Low"), Vaccinated = c("Vacc", 
"nonVacc"), Std.vs.DIVA = c("--", "+-", "-+", "++")), .Names = c("Pop", 
"Vaccinated", "Std.vs.DIVA")))
