structure(c(16903L, 17378L, 16526L, 17281L, 157L, 35L, 250L, 
48L, 144L, 34L, 236L, 54L, 296L, 53L, 488L, 117L), .Dim = c(2L, 
2L, 4L), .Dimnames = structure(list(Pop = c("High", "Low"), Vaccinated = c("Vacc", 
"nonVacc"), Std.vs.DIVA = c("--", "+-", "-+", "++")), .Names = c("Pop", 
"Vaccinated", "Std.vs.DIVA")))
