structure(c(24103L, 24829L, 23603L, 24708L, 232L, 43L, 350L, 
84L, 217L, 57L, 333L, 60L, 448L, 71L, 714L, 148L), .Dim = c(2L, 
2L, 4L), .Dimnames = structure(list(Pop = c("High", "Low"), Vaccinated = c("Vacc", 
"nonVacc"), Std.vs.DIVA = c("--", "+-", "-+", "++")), .Names = c("Pop", 
"Vaccinated", "Std.vs.DIVA")))
