structure(c(24136L, 24843L, 23623L, 24766L, 191L, 40L, 293L, 
75L, 216L, 43L, 331L, 51L, 457L, 74L, 753L, 108L), .Dim = c(2L, 
2L, 4L), .Dimnames = structure(list(Pop = c("High", "Low"), Vaccinated = c("Vacc", 
"nonVacc"), Std.vs.DIVA = c("--", "+-", "-+", "++")), .Names = c("Pop", 
"Vaccinated", "Std.vs.DIVA")))
