structure(c(24136L, 24846L, 23590L, 24736L, 191L, 39L, 339L, 
63L, 208L, 46L, 297L, 76L, 465L, 69L, 774L, 125L), .Dim = c(2L, 
2L, 4L), .Dimnames = structure(list(Pop = c("High", "Low"), Vaccinated = c("Vacc", 
"nonVacc"), Std.vs.DIVA = c("--", "+-", "-+", "++")), .Names = c("Pop", 
"Vaccinated", "Std.vs.DIVA")))
