structure(c(21734L, 22349L, 21230L, 22230L, 184L, 45L, 317L, 
72L, 187L, 51L, 316L, 87L, 395L, 55L, 637L, 111L), .Dim = c(2L, 
2L, 4L), .Dimnames = structure(list(Pop = c("High", "Low"), Vaccinated = c("Vacc", 
"nonVacc"), Std.vs.DIVA = c("--", "+-", "-+", "++")), .Names = c("Pop", 
"Vaccinated", "Std.vs.DIVA")))
