structure(c(19322L, 19855L, 18871L, 19779L, 166L, 38L, 266L, 
52L, 148L, 34L, 269L, 65L, 364L, 73L, 594L, 104L), .Dim = c(2L, 
2L, 4L), .Dimnames = structure(list(Pop = c("High", "Low"), Vaccinated = c("Vacc", 
"nonVacc"), Std.vs.DIVA = c("--", "+-", "-+", "++")), .Names = c("Pop", 
"Vaccinated", "Std.vs.DIVA")))
