structure(c(21737L, 22350L, 21233L, 22237L, 182L, 46L, 314L, 
71L, 179L, 47L, 318L, 80L, 402L, 57L, 635L, 112L), .Dim = c(2L, 
2L, 4L), .Dimnames = structure(list(Pop = c("High", "Low"), Vaccinated = c("Vacc", 
"nonVacc"), Std.vs.DIVA = c("--", "+-", "-+", "++")), .Names = c("Pop", 
"Vaccinated", "Std.vs.DIVA")))
