structure(c(16919L, 17351L, 16488L, 17293L, 141L, 40L, 240L, 
48L, 153L, 54L, 248L, 55L, 287L, 55L, 524L, 104L), .Dim = c(2L, 
2L, 4L), .Dimnames = structure(list(Pop = c("High", "Low"), Vaccinated = c("Vacc", 
"nonVacc"), Std.vs.DIVA = c("--", "+-", "-+", "++")), .Names = c("Pop", 
"Vaccinated", "Std.vs.DIVA")))
