structure(c(21710L, 22343L, 21270L, 22283L, 191L, 36L, 305L, 
56L, 181L, 43L, 283L, 61L, 418L, 78L, 642L, 100L), .Dim = c(2L, 
2L, 4L), .Dimnames = structure(list(Pop = c("High", "Low"), Vaccinated = c("Vacc", 
"nonVacc"), Std.vs.DIVA = c("--", "+-", "-+", "++")), .Names = c("Pop", 
"Vaccinated", "Std.vs.DIVA")))
