structure(c(19307L, 19876L, 18930L, 19777L, 165L, 34L, 274L, 
61L, 156L, 34L, 254L, 54L, 372L, 56L, 542L, 108L), .Dim = c(2L, 
2L, 4L), .Dimnames = structure(list(Pop = c("High", "Low"), Vaccinated = c("Vacc", 
"nonVacc"), Std.vs.DIVA = c("--", "+-", "-+", "++")), .Names = c("Pop", 
"Vaccinated", "Std.vs.DIVA")))
