structure(c(24179L, 24862L, 23665L, 24758L, 196L, 34L, 302L, 
64L, 204L, 32L, 310L, 54L, 421L, 72L, 723L, 124L), .Dim = c(2L, 
2L, 4L), .Dimnames = structure(list(Pop = c("High", "Low"), Vaccinated = c("Vacc", 
"nonVacc"), Std.vs.DIVA = c("--", "+-", "-+", "++")), .Names = c("Pop", 
"Vaccinated", "Std.vs.DIVA")))
