structure(c(24157L, 24840L, 23631L, 24723L, 202L, 46L, 363L, 
78L, 191L, 41L, 313L, 86L, 450L, 73L, 693L, 113L), .Dim = c(2L, 
2L, 4L), .Dimnames = structure(list(Pop = c("High", "Low"), Vaccinated = c("Vacc", 
"nonVacc"), Std.vs.DIVA = c("--", "+-", "-+", "++")), .Names = c("Pop", 
"Vaccinated", "Std.vs.DIVA")))
