structure(c(21692L, 22289L, 21281L, 22227L, 202L, 53L, 290L, 
68L, 190L, 64L, 302L, 90L, 416L, 94L, 627L, 115L), .Dim = c(2L, 
2L, 4L), .Dimnames = structure(list(Pop = c("High", "Low"), Vaccinated = c("Vacc", 
"nonVacc"), Std.vs.DIVA = c("--", "+-", "-+", "++")), .Names = c("Pop", 
"Vaccinated", "Std.vs.DIVA")))
