structure(c(24163L, 24827L, 23612L, 24742L, 200L, 49L, 308L, 
76L, 196L, 51L, 328L, 76L, 441L, 73L, 752L, 106L), .Dim = c(2L, 
2L, 4L), .Dimnames = structure(list(Pop = c("High", "Low"), Vaccinated = c("Vacc", 
"nonVacc"), Std.vs.DIVA = c("--", "+-", "-+", "++")), .Names = c("Pop", 
"Vaccinated", "Std.vs.DIVA")))
