structure(c(24154L, 24844L, 23569L, 24720L, 193L, 51L, 334L, 
77L, 216L, 39L, 356L, 89L, 437L, 66L, 741L, 114L), .Dim = c(2L, 
2L, 4L), .Dimnames = structure(list(Pop = c("High", "Low"), Vaccinated = c("Vacc", 
"nonVacc"), Std.vs.DIVA = c("--", "+-", "-+", "++")), .Names = c("Pop", 
"Vaccinated", "Std.vs.DIVA")))
