structure(c(21736L, 22364L, 21208L, 22257L, 182L, 36L, 314L, 
64L, 182L, 33L, 304L, 55L, 400L, 67L, 674L, 124L), .Dim = c(2L, 
2L, 4L), .Dimnames = structure(list(Pop = c("High", "Low"), Vaccinated = c("Vacc", 
"nonVacc"), Std.vs.DIVA = c("--", "+-", "-+", "++")), .Names = c("Pop", 
"Vaccinated", "Std.vs.DIVA")))
