structure(c(24130L, 24844L, 23531L, 24727L, 203L, 42L, 372L, 
75L, 210L, 44L, 330L, 77L, 457L, 70L, 767L, 121L), .Dim = c(2L, 
2L, 4L), .Dimnames = structure(list(Pop = c("High", "Low"), Vaccinated = c("Vacc", 
"nonVacc"), Std.vs.DIVA = c("--", "+-", "-+", "++")), .Names = c("Pop", 
"Vaccinated", "Std.vs.DIVA")))
