structure(c(19312L, 19851L, 18858L, 19759L, 167L, 40L, 275L, 
64L, 156L, 48L, 295L, 56L, 365L, 61L, 572L, 121L), .Dim = c(2L, 
2L, 4L), .Dimnames = structure(list(Pop = c("High", "Low"), Vaccinated = c("Vacc", 
"nonVacc"), Std.vs.DIVA = c("--", "+-", "-+", "++")), .Names = c("Pop", 
"Vaccinated", "Std.vs.DIVA")))
