structure(c(24170L, 24833L, 23571L, 24740L, 189L, 40L, 307L, 
68L, 202L, 41L, 330L, 69L, 439L, 86L, 792L, 123L), .Dim = c(2L, 
2L, 4L), .Dimnames = structure(list(Pop = c("High", "Low"), Vaccinated = c("Vacc", 
"nonVacc"), Std.vs.DIVA = c("--", "+-", "-+", "++")), .Names = c("Pop", 
"Vaccinated", "Std.vs.DIVA")))
