structure(c(16890L, 17375L, 16556L, 17307L, 146L, 25L, 242L, 
45L, 143L, 44L, 233L, 46L, 321L, 56L, 469L, 102L), .Dim = c(2L, 
2L, 4L), .Dimnames = structure(list(Pop = c("High", "Low"), Vaccinated = c("Vacc", 
"nonVacc"), Std.vs.DIVA = c("--", "+-", "-+", "++")), .Names = c("Pop", 
"Vaccinated", "Std.vs.DIVA")))
