structure(c(21722L, 22361L, 21252L, 22264L, 185L, 30L, 299L, 
66L, 193L, 41L, 269L, 57L, 400L, 68L, 680L, 113L), .Dim = c(2L, 
2L, 4L), .Dimnames = structure(list(Pop = c("High", "Low"), Vaccinated = c("Vacc", 
"nonVacc"), Std.vs.DIVA = c("--", "+-", "-+", "++")), .Names = c("Pop", 
"Vaccinated", "Std.vs.DIVA")))
