structure(c(19331L, 19866L, 18885L, 19786L, 159L, 33L, 258L, 
48L, 145L, 30L, 264L, 61L, 365L, 71L, 593L, 105L), .Dim = c(2L, 
2L, 4L), .Dimnames = structure(list(Pop = c("High", "Low"), Vaccinated = c("Vacc", 
"nonVacc"), Std.vs.DIVA = c("--", "+-", "-+", "++")), .Names = c("Pop", 
"Vaccinated", "Std.vs.DIVA")))
