structure(c(24157L, 24844L, 23650L, 24739L, 210L, 45L, 314L, 
72L, 212L, 39L, 313L, 65L, 421L, 72L, 723L, 124L), .Dim = c(2L, 
2L, 4L), .Dimnames = structure(list(Pop = c("High", "Low"), Vaccinated = c("Vacc", 
"nonVacc"), Std.vs.DIVA = c("--", "+-", "-+", "++")), .Names = c("Pop", 
"Vaccinated", "Std.vs.DIVA")))
