structure(c(21723L, 22356L, 21301L, 22250L, 193L, 37L, 281L, 
70L, 199L, 49L, 269L, 59L, 385L, 58L, 649L, 121L), .Dim = c(2L, 
2L, 4L), .Dimnames = structure(list(Pop = c("High", "Low"), Vaccinated = c("Vacc", 
"nonVacc"), Std.vs.DIVA = c("--", "+-", "-+", "++")), .Names = c("Pop", 
"Vaccinated", "Std.vs.DIVA")))
