structure(c(16894L, 17382L, 16567L, 17313L, 140L, 22L, 238L, 
42L, 143L, 40L, 229L, 42L, 323L, 56L, 466L, 103L), .Dim = c(2L, 
2L, 4L), .Dimnames = structure(list(Pop = c("High", "Low"), Vaccinated = c("Vacc", 
"nonVacc"), Std.vs.DIVA = c("--", "+-", "-+", "++")), .Names = c("Pop", 
"Vaccinated", "Std.vs.DIVA")))
