structure(c(24107L, 24810L, 23596L, 24751L, 198L, 47L, 364L, 
50L, 238L, 41L, 357L, 76L, 457L, 102L, 683L, 123L), .Dim = c(2L, 
2L, 4L), .Dimnames = structure(list(Pop = c("High", "Low"), Vaccinated = c("Vacc", 
"nonVacc"), Std.vs.DIVA = c("--", "+-", "-+", "++")), .Names = c("Pop", 
"Vaccinated", "Std.vs.DIVA")))
