structure(c(24131L, 24822L, 23592L, 24716L, 213L, 55L, 365L, 
80L, 221L, 56L, 322L, 71L, 435L, 67L, 721L, 133L), .Dim = c(2L, 
2L, 4L), .Dimnames = structure(list(Pop = c("High", "Low"), Vaccinated = c("Vacc", 
"nonVacc"), Std.vs.DIVA = c("--", "+-", "-+", "++")), .Names = c("Pop", 
"Vaccinated", "Std.vs.DIVA")))
