structure(c(24137L, 24849L, 23668L, 24757L, 203L, 50L, 288L, 
55L, 210L, 46L, 305L, 62L, 450L, 55L, 739L, 126L), .Dim = c(2L, 
2L, 4L), .Dimnames = structure(list(Pop = c("High", "Low"), Vaccinated = c("Vacc", 
"nonVacc"), Std.vs.DIVA = c("--", "+-", "-+", "++")), .Names = c("Pop", 
"Vaccinated", "Std.vs.DIVA")))
