structure(c(21729L, 22365L, 21259L, 22269L, 180L, 31L, 301L, 
64L, 188L, 38L, 267L, 54L, 403L, 66L, 673L, 113L), .Dim = c(2L, 
2L, 4L), .Dimnames = structure(list(Pop = c("High", "Low"), Vaccinated = c("Vacc", 
"nonVacc"), Std.vs.DIVA = c("--", "+-", "-+", "++")), .Names = c("Pop", 
"Vaccinated", "Std.vs.DIVA")))
