structure(c(24179L, 24827L, 23602L, 24752L, 191L, 47L, 337L, 
69L, 221L, 54L, 321L, 54L, 409L, 72L, 740L, 125L), .Dim = c(2L, 
2L, 4L), .Dimnames = structure(list(Pop = c("High", "Low"), Vaccinated = c("Vacc", 
"nonVacc"), Std.vs.DIVA = c("--", "+-", "-+", "++")), .Names = c("Pop", 
"Vaccinated", "Std.vs.DIVA")))
