structure(c(21746L, 22362L, 21239L, 22242L, 179L, 39L, 314L, 
67L, 180L, 44L, 310L, 80L, 395L, 55L, 637L, 111L), .Dim = c(2L, 
2L, 4L), .Dimnames = structure(list(Pop = c("High", "Low"), Vaccinated = c("Vacc", 
"nonVacc"), Std.vs.DIVA = c("--", "+-", "-+", "++")), .Names = c("Pop", 
"Vaccinated", "Std.vs.DIVA")))
