structure(c(24138L, 24830L, 23601L, 24719L, 209L, 55L, 360L, 
82L, 221L, 54L, 320L, 66L, 432L, 61L, 719L, 133L), .Dim = c(2L, 
2L, 4L), .Dimnames = structure(list(Pop = c("High", "Low"), Vaccinated = c("Vacc", 
"nonVacc"), Std.vs.DIVA = c("--", "+-", "-+", "++")), .Names = c("Pop", 
"Vaccinated", "Std.vs.DIVA")))
