structure(c(24211L, 24808L, 23616L, 24715L, 204L, 61L, 306L, 
77L, 209L, 49L, 337L, 74L, 376L, 82L, 741L, 134L), .Dim = c(2L, 
2L, 4L), .Dimnames = structure(list(Pop = c("High", "Low"), Vaccinated = c("Vacc", 
"nonVacc"), Std.vs.DIVA = c("--", "+-", "-+", "++")), .Names = c("Pop", 
"Vaccinated", "Std.vs.DIVA")))
