structure(c(19308L, 19844L, 18853L, 19769L, 174L, 44L, 273L, 
57L, 153L, 41L, 281L, 69L, 365L, 71L, 593L, 105L), .Dim = c(2L, 
2L, 4L), .Dimnames = structure(list(Pop = c("High", "Low"), Vaccinated = c("Vacc", 
"nonVacc"), Std.vs.DIVA = c("--", "+-", "-+", "++")), .Names = c("Pop", 
"Vaccinated", "Std.vs.DIVA")))
