structure(c(24162L, 24826L, 23567L, 24726L, 193L, 44L, 310L, 
78L, 202L, 44L, 332L, 74L, 443L, 86L, 791L, 122L), .Dim = c(2L, 
2L, 4L), .Dimnames = structure(list(Pop = c("High", "Low"), Vaccinated = c("Vacc", 
"nonVacc"), Std.vs.DIVA = c("--", "+-", "-+", "++")), .Names = c("Pop", 
"Vaccinated", "Std.vs.DIVA")))
