structure(c(16909L, 17388L, 16534L, 17325L, 144L, 26L, 243L, 
32L, 149L, 38L, 244L, 42L, 298L, 48L, 479L, 101L), .Dim = c(2L, 
2L, 4L), .Dimnames = structure(list(Pop = c("High", "Low"), Vaccinated = c("Vacc", 
"nonVacc"), Std.vs.DIVA = c("--", "+-", "-+", "++")), .Names = c("Pop", 
"Vaccinated", "Std.vs.DIVA")))
