structure(c(19287L, 19862L, 18850L, 19790L, 192L, 48L, 295L, 
50L, 172L, 37L, 279L, 56L, 349L, 53L, 576L, 104L), .Dim = c(2L, 
2L, 4L), .Dimnames = structure(list(Pop = c("High", "Low"), Vaccinated = c("Vacc", 
"nonVacc"), Std.vs.DIVA = c("--", "+-", "-+", "++")), .Names = c("Pop", 
"Vaccinated", "Std.vs.DIVA")))
