structure(c(16927L, 17380L, 16480L, 17284L, 143L, 37L, 272L, 
46L, 142L, 35L, 234L, 56L, 288L, 48L, 514L, 114L), .Dim = c(2L, 
2L, 4L), .Dimnames = structure(list(Pop = c("High", "Low"), Vaccinated = c("Vacc", 
"nonVacc"), Std.vs.DIVA = c("--", "+-", "-+", "++")), .Names = c("Pop", 
"Vaccinated", "Std.vs.DIVA")))
