structure(c(21731L, 22362L, 21276L, 22261L, 197L, 32L, 303L, 
67L, 189L, 29L, 273L, 58L, 383L, 77L, 648L, 114L), .Dim = c(2L, 
2L, 4L), .Dimnames = structure(list(Pop = c("High", "Low"), Vaccinated = c("Vacc", 
"nonVacc"), Std.vs.DIVA = c("--", "+-", "-+", "++")), .Names = c("Pop", 
"Vaccinated", "Std.vs.DIVA")))
