structure(c(19316L, 19871L, 18915L, 19787L, 164L, 40L, 269L, 
59L, 162L, 40L, 255L, 53L, 358L, 49L, 561L, 101L), .Dim = c(2L, 
2L, 4L), .Dimnames = structure(list(Pop = c("High", "Low"), Vaccinated = c("Vacc", 
"nonVacc"), Std.vs.DIVA = c("--", "+-", "-+", "++")), .Names = c("Pop", 
"Vaccinated", "Std.vs.DIVA")))
