structure(c(21765L, 22338L, 21244L, 22251L, 167L, 39L, 306L, 
56L, 192L, 52L, 306L, 75L, 376L, 71L, 644L, 118L), .Dim = c(2L, 
2L, 4L), .Dimnames = structure(list(Pop = c("High", "Low"), Vaccinated = c("Vacc", 
"nonVacc"), Std.vs.DIVA = c("--", "+-", "-+", "++")), .Names = c("Pop", 
"Vaccinated", "Std.vs.DIVA")))
