structure(c(21746L, 22359L, 21243L, 22255L, 178L, 43L, 311L, 
62L, 174L, 41L, 311L, 71L, 402L, 57L, 635L, 112L), .Dim = c(2L, 
2L, 4L), .Dimnames = structure(list(Pop = c("High", "Low"), Vaccinated = c("Vacc", 
"nonVacc"), Std.vs.DIVA = c("--", "+-", "-+", "++")), .Names = c("Pop", 
"Vaccinated", "Std.vs.DIVA")))
