structure(c(24122L, 24842L, 23619L, 24717L, 223L, 38L, 343L, 
78L, 207L, 49L, 324L, 57L, 448L, 71L, 714L, 148L), .Dim = c(2L, 
2L, 4L), .Dimnames = structure(list(Pop = c("High", "Low"), Vaccinated = c("Vacc", 
"nonVacc"), Std.vs.DIVA = c("--", "+-", "-+", "++")), .Names = c("Pop", 
"Vaccinated", "Std.vs.DIVA")))
