structure(c(24232L, 24835L, 23630L, 24749L, 194L, 48L, 301L, 
59L, 198L, 35L, 328L, 58L, 376L, 82L, 741L, 134L), .Dim = c(2L, 
2L, 4L), .Dimnames = structure(list(Pop = c("High", "Low"), Vaccinated = c("Vacc", 
"nonVacc"), Std.vs.DIVA = c("--", "+-", "-+", "++")), .Names = c("Pop", 
"Vaccinated", "Std.vs.DIVA")))
