structure(c(21718L, 22355L, 21250L, 22260L, 183L, 36L, 303L, 
67L, 196L, 43L, 274L, 60L, 403L, 66L, 673L, 113L), .Dim = c(2L, 
2L, 4L), .Dimnames = structure(list(Pop = c("High", "Low"), Vaccinated = c("Vacc", 
"nonVacc"), Std.vs.DIVA = c("--", "+-", "-+", "++")), .Names = c("Pop", 
"Vaccinated", "Std.vs.DIVA")))
