structure(c(21727L, 22355L, 21299L, 22249L, 193L, 35L, 281L, 
74L, 202L, 42L, 270L, 58L, 378L, 68L, 650L, 119L), .Dim = c(2L, 
2L, 4L), .Dimnames = structure(list(Pop = c("High", "Low"), Vaccinated = c("Vacc", 
"nonVacc"), Std.vs.DIVA = c("--", "+-", "-+", "++")), .Names = c("Pop", 
"Vaccinated", "Std.vs.DIVA")))
