structure(c(16936L, 17373L, 16532L, 17275L, 133L, 34L, 226L, 
64L, 126L, 46L, 244L, 54L, 305L, 47L, 498L, 107L), .Dim = c(2L, 
2L, 4L), .Dimnames = structure(list(Pop = c("High", "Low"), Vaccinated = c("Vacc", 
"nonVacc"), Std.vs.DIVA = c("--", "+-", "-+", "++")), .Names = c("Pop", 
"Vaccinated", "Std.vs.DIVA")))
