structure(c(19343L, 19893L, 18871L, 19821L, 147L, 34L, 285L, 
52L, 158L, 21L, 238L, 26L, 352L, 52L, 606L, 101L), .Dim = c(2L, 
2L, 4L), .Dimnames = structure(list(Pop = c("High", "Low"), Vaccinated = c("Vacc", 
"nonVacc"), Std.vs.DIVA = c("--", "+-", "-+", "++")), .Names = c("Pop", 
"Vaccinated", "Std.vs.DIVA")))
