structure(c(24127L, 24838L, 23578L, 24723L, 194L, 45L, 345L, 
68L, 214L, 48L, 303L, 84L, 465L, 69L, 774L, 125L), .Dim = c(2L, 
2L, 4L), .Dimnames = structure(list(Pop = c("High", "Low"), Vaccinated = c("Vacc", 
"nonVacc"), Std.vs.DIVA = c("--", "+-", "-+", "++")), .Names = c("Pop", 
"Vaccinated", "Std.vs.DIVA")))
