structure(c(19319L, 19851L, 18866L, 19775L, 169L, 41L, 269L, 
55L, 147L, 37L, 272L, 65L, 365L, 71L, 593L, 105L), .Dim = c(2L, 
2L, 4L), .Dimnames = structure(list(Pop = c("High", "Low"), Vaccinated = c("Vacc", 
"nonVacc"), Std.vs.DIVA = c("--", "+-", "-+", "++")), .Names = c("Pop", 
"Vaccinated", "Std.vs.DIVA")))
