structure(c(19317L, 19872L, 18888L, 19806L, 161L, 30L, 258L, 
46L, 175L, 35L, 248L, 47L, 347L, 63L, 606L, 101L), .Dim = c(2L, 
2L, 4L), .Dimnames = structure(list(Pop = c("High", "Low"), Vaccinated = c("Vacc", 
"nonVacc"), Std.vs.DIVA = c("--", "+-", "-+", "++")), .Names = c("Pop", 
"Vaccinated", "Std.vs.DIVA")))
