structure(c(21725L, 22350L, 21271L, 22251L, 199L, 43L, 306L, 
63L, 200L, 35L, 269L, 72L, 376L, 72L, 654L, 114L), .Dim = c(2L, 
2L, 4L), .Dimnames = structure(list(Pop = c("High", "Low"), Vaccinated = c("Vacc", 
"nonVacc"), Std.vs.DIVA = c("--", "+-", "-+", "++")), .Names = c("Pop", 
"Vaccinated", "Std.vs.DIVA")))
