structure(c(21704L, 22342L, 21241L, 22254L, 191L, 41L, 307L, 
70L, 202L, 51L, 279L, 63L, 403L, 66L, 673L, 113L), .Dim = c(2L, 
2L, 4L), .Dimnames = structure(list(Pop = c("High", "Low"), Vaccinated = c("Vacc", 
"nonVacc"), Std.vs.DIVA = c("--", "+-", "-+", "++")), .Names = c("Pop", 
"Vaccinated", "Std.vs.DIVA")))
