structure(c(24163L, 24825L, 23611L, 24740L, 201L, 50L, 307L, 
79L, 195L, 51L, 327L, 74L, 441L, 74L, 755L, 107L), .Dim = c(2L, 
2L, 4L), .Dimnames = structure(list(Pop = c("High", "Low"), Vaccinated = c("Vacc", 
"nonVacc"), Std.vs.DIVA = c("--", "+-", "-+", "++")), .Names = c("Pop", 
"Vaccinated", "Std.vs.DIVA")))
