structure(c(19329L, 19864L, 18882L, 19785L, 160L, 34L, 259L, 
49L, 146L, 31L, 266L, 61L, 365L, 71L, 593L, 105L), .Dim = c(2L, 
2L, 4L), .Dimnames = structure(list(Pop = c("High", "Low"), Vaccinated = c("Vacc", 
"nonVacc"), Std.vs.DIVA = c("--", "+-", "-+", "++")), .Names = c("Pop", 
"Vaccinated", "Std.vs.DIVA")))
