structure(c(21713L, 22336L, 21271L, 22245L, 212L, 58L, 287L, 
79L, 181L, 45L, 306L, 61L, 394L, 61L, 636L, 115L), .Dim = c(2L, 
2L, 4L), .Dimnames = structure(list(Pop = c("High", "Low"), Vaccinated = c("Vacc", 
"nonVacc"), Std.vs.DIVA = c("--", "+-", "-+", "++")), .Names = c("Pop", 
"Vaccinated", "Std.vs.DIVA")))
