structure(c(19310L, 19865L, 18843L, 19766L, 163L, 43L, 270L, 
66L, 179L, 39L, 263L, 66L, 348L, 53L, 624L, 102L), .Dim = c(2L, 
2L, 4L), .Dimnames = structure(list(Pop = c("High", "Low"), Vaccinated = c("Vacc", 
"nonVacc"), Std.vs.DIVA = c("--", "+-", "-+", "++")), .Names = c("Pop", 
"Vaccinated", "Std.vs.DIVA")))
