structure(c(19288L, 19876L, 18888L, 19783L, 179L, 47L, 273L, 
55L, 185L, 31L, 259L, 58L, 348L, 46L, 580L, 104L), .Dim = c(2L, 
2L, 4L), .Dimnames = structure(list(Pop = c("High", "Low"), Vaccinated = c("Vacc", 
"nonVacc"), Std.vs.DIVA = c("--", "+-", "-+", "++")), .Names = c("Pop", 
"Vaccinated", "Std.vs.DIVA")))
