structure(c(21724L, 22347L, 21263L, 22247L, 200L, 35L, 309L, 
68L, 199L, 40L, 278L, 70L, 377L, 78L, 650L, 115L), .Dim = c(2L, 
2L, 4L), .Dimnames = structure(list(Pop = c("High", "Low"), Vaccinated = c("Vacc", 
"nonVacc"), Std.vs.DIVA = c("--", "+-", "-+", "++")), .Names = c("Pop", 
"Vaccinated", "Std.vs.DIVA")))
